240 4200
121 122 123 124 125 126 127 128 129 130 131 132 133 134 135 136 137 138 139 140 141 142 143 144 145 146 147 148 149 150 151 152 153 154 155
121 122 123 124 125 126 127 128 129 130 131 132 133 134 135 136 137 138 139 140 156 157 158 159 160 161 162 163 164 165 166 167 168 169 170
121 122 123 124 125 126 127 128 129 130 141 142 143 144 145 146 147 148 149 150 156 157 158 159 160 161 162 163 164 165 171 172 173 174 175
121 122 123 124 131 132 133 134 135 136 141 142 143 144 145 146 151 152 153 154 156 157 158 159 160 161 166 167 168 169 171 172 173 174 176
121 125 126 127 131 132 133 137 138 139 141 142 143 147 148 149 151 152 153 155 156 157 158 162 163 164 166 167 168 170 171 172 173 175 176
122 125 128 129 131 134 135 137 138 140 141 144 145 147 148 150 151 152 154 155 156 159 160 162 163 165 166 167 169 170 171 172 174 175 176
123 126 128 130 132 134 136 137 139 140 142 144 146 147 149 150 151 153 154 155 157 159 161 162 164 165 166 168 169 170 171 173 174 175 176
124 127 129 130 133 135 136 138 139 140 143 145 146 148 149 150 152 153 154 155 158 160 161 163 164 165 167 168 169 170 172 173 174 175 176
121 122 123 124 125 126 127 128 129 130 131 132 133 134 135 136 137 138 139 140 177 178 179 180 181 182 183 184 185 186 187 188 189 190 191
121 122 123 124 125 126 127 128 129 130 141 142 143 144 145 146 147 148 149 150 177 178 179 180 181 182 183 184 185 186 192 193 194 195 196
121 122 123 124 131 132 133 134 135 136 141 142 143 144 145 146 151 152 153 154 177 178 179 180 181 182 187 188 189 190 192 193 194 195 197
121 125 126 127 131 132 133 137 138 139 141 142 143 147 148 149 151 152 153 155 177 178 179 183 184 185 187 188 189 191 192 193 194 196 197
122 125 128 129 131 134 135 137 138 140 141 144 145 147 148 150 151 152 154 155 177 180 181 183 184 186 187 188 190 191 192 193 195 196 197
123 126 128 130 132 134 136 137 139 140 142 144 146 147 149 150 151 153 154 155 178 180 182 183 185 186 187 189 190 191 192 194 195 196 197
124 127 129 130 133 135 136 138 139 140 143 145 146 148 149 150 152 153 154 155 179 181 182 184 185 186 188 189 190 191 193 194 195 196 197
121 122 123 124 125 126 127 128 129 130 156 157 158 159 160 161 162 163 164 165 177 178 179 180 181 182 183 184 185 186 198 199 200 201 202
121 122 123 124 131 132 133 134 135 136 156 157 158 159 160 161 166 167 168 169 177 178 179 180 181 182 187 188 189 190 198 199 200 201 203
121 125 126 127 131 132 133 137 138 139 156 157 158 162 163 164 166 167 168 170 177 178 179 183 184 185 187 188 189 191 198 199 200 202 203
122 125 128 129 131 134 135 137 138 140 156 159 160 162 163 165 166 167 169 170 177 180 181 183 184 186 187 188 190 191 198 199 201 202 203
123 126 128 130 132 134 136 137 139 140 157 159 161 162 164 165 166 168 169 170 178 180 182 183 185 186 187 189 190 191 198 200 201 202 203
124 127 129 130 133 135 136 138 139 140 158 160 161 163 164 165 167 168 169 170 179 181 182 184 185 186 188 189 190 191 199 200 201 202 203
121 122 123 124 141 142 143 144 145 146 156 157 158 159 160 161 171 172 173 174 177 178 179 180 181 182 192 193 194 195 198 199 200 201 204
121 125 126 127 141 142 143 147 148 149 156 157 158 162 163 164 171 172 173 175 177 178 179 183 184 185 192 193 194 196 198 199 200 202 204
122 125 128 129 141 144 145 147 148 150 156 159 160 162 163 165 171 172 174 175 177 180 181 183 184 186 192 193 195 196 198 199 201 202 204
123 126 128 130 142 144 146 147 149 150 157 159 161 162 164 165 171 173 174 175 178 180 182 183 185 186 192 194 195 196 198 200 201 202 204
124 127 129 130 143 145 146 148 149 150 158 160 161 163 164 165 172 173 174 175 179 181 182 184 185 186 193 194 195 196 199 200 201 202 204
121 131 132 133 141 142 143 151 152 153 156 157 158 166 167 168 171 172 173 176 177 178 179 187 188 189 192 193 194 197 198 199 200 203 204
122 131 134 135 141 144 145 151 152 154 156 159 160 166 167 169 171 172 174 176 177 180 181 187 188 190 192 193 195 197 198 199 201 203 204
123 132 134 136 142 144 146 151 153 154 157 159 161 166 168 169 171 173 174 176 178 180 182 187 189 190 192 194 195 197 198 200 201 203 204
124 133 135 136 143 145 146 152 153 154 158 160 161 167 168 169 172 173 174 176 179 181 182 188 189 190 193 194 195 197 199 200 201 203 204
125 131 137 138 141 147 148 151 152 155 156 162 163 166 167 170 171 172 175 176 177 183 184 187 188 191 192 193 196 197 198 199 202 203 204
126 132 137 139 142 147 149 151 153 155 157 162 164 166 168 170 171 173 175 176 178 183 185 187 189 191 192 194 196 197 198 200 202 203 204
127 133 138 139 143 148 149 152 153 155 158 163 164 167 168 170 172 173 175 176 179 184 185 188 189 191 193 194 196 197 199 200 202 203 204
128 134 137 140 144 147 150 151 154 155 159 162 165 166 169 170 171 174 175 176 180 183 186 187 190 191 192 195 196 197 198 201 202 203 204
129 135 138 140 145 148 150 152 154 155 160 163 165 167 169 170 172 174 175 176 181 184 186 188 190 191 193 195 196 197 199 201 202 203 204
130 136 139 140 146 149 150 153 154 155 161 164 165 168 169 170 173 174 175 176 182 185 186 189 190 191 194 195 196 197 200 201 202 203 204
121 122 123 124 125 126 127 128 129 130 131 132 133 134 135 136 137 138 139 140 205 206 207 208 209 210 211 212 213 214 215 216 217 218 219
121 122 123 124 125 126 127 128 129 130 141 142 143 144 145 146 147 148 149 150 205 206 207 208 209 210 211 212 213 214 220 221 222 223 224
121 122 123 124 131 132 133 134 135 136 141 142 143 144 145 146 151 152 153 154 205 206 207 208 209 210 215 216 217 218 220 221 222 223 225
121 125 126 127 131 132 133 137 138 139 141 142 143 147 148 149 151 152 153 155 205 206 207 211 212 213 215 216 217 219 220 221 222 224 225
122 125 128 129 131 134 135 137 138 140 141 144 145 147 148 150 151 152 154 155 205 208 209 211 212 214 215 216 218 219 220 221 223 224 225
123 126 128 130 132 134 136 137 139 140 142 144 146 147 149 150 151 153 154 155 206 208 210 211 213 214 215 217 218 219 220 222 223 224 225
124 127 129 130 133 135 136 138 139 140 143 145 146 148 149 150 152 153 154 155 207 209 210 212 213 214 216 217 218 219 221 222 223 224 225
121 122 123 124 125 126 127 128 129 130 156 157 158 159 160 161 162 163 164 165 205 206 207 208 209 210 211 212 213 214 226 227 228 229 230
121 122 123 124 131 132 133 134 135 136 156 157 158 159 160 161 166 167 168 169 205 206 207 208 209 210 215 216 217 218 226 227 228 229 231
121 125 126 127 131 132 133 137 138 139 156 157 158 162 163 164 166 167 168 170 205 206 207 211 212 213 215 216 217 219 226 227 228 230 231
122 125 128 129 131 134 135 137 138 140 156 159 160 162 163 165 166 167 169 170 205 208 209 211 212 214 215 216 218 219 226 227 229 230 231
123 126 128 130 132 134 136 137 139 140 157 159 161 162 164 165 166 168 169 170 206 208 210 211 213 214 215 217 218 219 226 228 229 230 231
124 127 129 130 133 135 136 138 139 140 158 160 161 163 164 165 167 168 169 170 207 209 210 212 213 214 216 217 218 219 227 228 229 230 231
121 122 123 124 141 142 143 144 145 146 156 157 158 159 160 161 171 172 173 174 205 206 207 208 209 210 220 221 222 223 226 227 228 229 232
121 125 126 127 141 142 143 147 148 149 156 157 158 162 163 164 171 172 173 175 205 206 207 211 212 213 220 221 222 224 226 227 228 230 232
122 125 128 129 141 144 145 147 148 150 156 159 160 162 163 165 171 172 174 175 205 208 209 211 212 214 220 221 223 224 226 227 229 230 232
123 126 128 130 142 144 146 147 149 150 157 159 161 162 164 165 171 173 174 175 206 208 210 211 213 214 220 222 223 224 226 228 229 230 232
124 127 129 130 143 145 146 148 149 150 158 160 161 163 164 165 172 173 174 175 207 209 210 212 213 214 221 222 223 224 227 228 229 230 232
121 131 132 133 141 142 143 151 152 153 156 157 158 166 167 168 171 172 173 176 205 206 207 215 216 217 220 221 222 225 226 227 228 231 232
122 131 134 135 141 144 145 151 152 154 156 159 160 166 167 169 171 172 174 176 205 208 209 215 216 218 220 221 223 225 226 227 229 231 232
123 132 134 136 142 144 146 151 153 154 157 159 161 166 168 169 171 173 174 176 206 208 210 215 217 218 220 222 223 225 226 228 229 231 232
124 133 135 136 143 145 146 152 153 154 158 160 161 167 168 169 172 173 174 176 207 209 210 216 217 218 221 222 223 225 227 228 229 231 232
125 131 137 138 141 147 148 151 152 155 156 162 163 166 167 170 171 172 175 176 205 211 212 215 216 219 220 221 224 225 226 227 230 231 232
126 132 137 139 142 147 149 151 153 155 157 162 164 166 168 170 171 173 175 176 206 211 213 215 217 219 220 222 224 225 226 228 230 231 232
127 133 138 139 143 148 149 152 153 155 158 163 164 167 168 170 172 173 175 176 207 212 213 216 217 219 221 222 224 225 227 228 230 231 232
128 134 137 140 144 147 150 151 154 155 159 162 165 166 169 170 171 174 175 176 208 211 214 215 218 219 220 223 224 225 226 229 230 231 232
129 135 138 140 145 148 150 152 154 155 160 163 165 167 169 170 172 174 175 176 209 212 214 216 218 219 221 223 224 225 227 229 230 231 232
130 136 139 140 146 149 150 153 154 155 161 164 165 168 169 170 173 174 175 176 210 213 214 217 218 219 222 223 224 225 228 229 230 231 232
121 122 123 124 125 126 127 128 129 130 177 178 179 180 181 182 183 184 185 186 205 206 207 208 209 210 211 212 213 214 233 234 235 236 237
121 122 123 124 131 132 133 134 135 136 177 178 179 180 181 182 187 188 189 190 205 206 207 208 209 210 215 216 217 218 233 234 235 236 238
121 125 126 127 131 132 133 137 138 139 177 178 179 183 184 185 187 188 189 191 205 206 207 211 212 213 215 216 217 219 233 234 235 237 238
122 125 128 129 131 134 135 137 138 140 177 180 181 183 184 186 187 188 190 191 205 208 209 211 212 214 215 216 218 219 233 234 236 237 238
123 126 128 130 132 134 136 137 139 140 178 180 182 183 185 186 187 189 190 191 206 208 210 211 213 214 215 217 218 219 233 235 236 237 238
124 127 129 130 133 135 136 138 139 140 179 181 182 184 185 186 188 189 190 191 207 209 210 212 213 214 216 217 218 219 234 235 236 237 238
121 122 123 124 141 142 143 144 145 146 177 178 179 180 181 182 192 193 194 195 205 206 207 208 209 210 220 221 222 223 233 234 235 236 239
121 125 126 127 141 142 143 147 148 149 177 178 179 183 184 185 192 193 194 196 205 206 207 211 212 213 220 221 222 224 233 234 235 237 239
122 125 128 129 141 144 145 147 148 150 177 180 181 183 184 186 192 193 195 196 205 208 209 211 212 214 220 221 223 224 233 234 236 237 239
123 126 128 130 142 144 146 147 149 150 178 180 182 183 185 186 192 194 195 196 206 208 210 211 213 214 220 222 223 224 233 235 236 237 239
124 127 129 130 143 145 146 148 149 150 179 181 182 184 185 186 193 194 195 196 207 209 210 212 213 214 221 222 223 224 234 235 236 237 239
121 131 132 133 141 142 143 151 152 153 177 178 179 187 188 189 192 193 194 197 205 206 207 215 216 217 220 221 222 225 233 234 235 238 239
122 131 134 135 141 144 145 151 152 154 177 180 181 187 188 190 192 193 195 197 205 208 209 215 216 218 220 221 223 225 233 234 236 238 239
123 132 134 136 142 144 146 151 153 154 178 180 182 187 189 190 192 194 195 197 206 208 210 215 217 218 220 222 223 225 233 235 236 238 239
124 133 135 136 143 145 146 152 153 154 179 181 182 188 189 190 193 194 195 197 207 209 210 216 217 218 221 222 223 225 234 235 236 238 239
125 131 137 138 141 147 148 151 152 155 177 183 184 187 188 191 192 193 196 197 205 211 212 215 216 219 220 221 224 225 233 234 237 238 239
126 132 137 139 142 147 149 151 153 155 178 183 185 187 189 191 192 194 196 197 206 211 213 215 217 219 220 222 224 225 233 235 237 238 239
127 133 138 139 143 148 149 152 153 155 179 184 185 188 189 191 193 194 196 197 207 212 213 216 217 219 221 222 224 225 234 235 237 238 239
128 134 137 140 144 147 150 151 154 155 180 183 186 187 190 191 192 195 196 197 208 211 214 215 218 219 220 223 224 225 233 236 237 238 239
129 135 138 140 145 148 150 152 154 155 181 184 186 188 190 191 193 195 196 197 209 212 214 216 218 219 221 223 224 225 234 236 237 238 239
130 136 139 140 146 149 150 153 154 155 182 185 186 189 190 191 194 195 196 197 210 213 214 217 218 219 222 223 224 225 235 236 237 238 239
121 122 123 124 156 157 158 159 160 161 177 178 179 180 181 182 198 199 200 201 205 206 207 208 209 210 226 227 228 229 233 234 235 236 240
121 125 126 127 156 157 158 162 163 164 177 178 179 183 184 185 198 199 200 202 205 206 207 211 212 213 226 227 228 230 233 234 235 237 240
122 125 128 129 156 159 160 162 163 165 177 180 181 183 184 186 198 199 201 202 205 208 209 211 212 214 226 227 229 230 233 234 236 237 240
123 126 128 130 157 159 161 162 164 165 178 180 182 183 185 186 198 200 201 202 206 208 210 211 213 214 226 228 229 230 233 235 236 237 240
124 127 129 130 158 160 161 163 164 165 179 181 182 184 185 186 199 200 201 202 207 209 210 212 213 214 227 228 229 230 234 235 236 237 240
121 131 132 133 156 157 158 166 167 168 177 178 179 187 188 189 198 199 200 203 205 206 207 215 216 217 226 227 228 231 233 234 235 238 240
122 131 134 135 156 159 160 166 167 169 177 180 181 187 188 190 198 199 201 203 205 208 209 215 216 218 226 227 229 231 233 234 236 238 240
123 132 134 136 157 159 161 166 168 169 178 180 182 187 189 190 198 200 201 203 206 208 210 215 217 218 226 228 229 231 233 235 236 238 240
124 133 135 136 158 160 161 167 168 169 179 181 182 188 189 190 199 200 201 203 207 209 210 216 217 218 227 228 229 231 234 235 236 238 240
125 131 137 138 156 162 163 166 167 170 177 183 184 187 188 191 198 199 202 203 205 211 212 215 216 219 226 227 230 231 233 234 237 238 240
126 132 137 139 157 162 164 166 168 170 178 183 185 187 189 191 198 200 202 203 206 211 213 215 217 219 226 228 230 231 233 235 237 238 240
127 133 138 139 158 163 164 167 168 170 179 184 185 188 189 191 199 200 202 203 207 212 213 216 217 219 227 228 230 231 234 235 237 238 240
128 134 137 140 159 162 165 166 169 170 180 183 186 187 190 191 198 201 202 203 208 211 214 215 218 219 226 229 230 231 233 236 237 238 240
129 135 138 140 160 163 165 167 169 170 181 184 186 188 190 191 199 201 202 203 209 212 214 216 218 219 227 229 230 231 234 236 237 238 240
130 136 139 140 161 164 165 168 169 170 182 185 186 189 190 191 200 201 202 203 210 213 214 217 218 219 228 229 230 231 235 236 237 238 240
121 141 142 143 156 157 158 171 172 173 177 178 179 192 193 194 198 199 200 204 205 206 207 220 221 222 226 227 228 232 233 234 235 239 240
122 141 144 145 156 159 160 171 172 174 177 180 181 192 193 195 198 199 201 204 205 208 209 220 221 223 226 227 229 232 233 234 236 239 240
123 142 144 146 157 159 161 171 173 174 178 180 182 192 194 195 198 200 201 204 206 208 210 220 222 223 226 228 229 232 233 235 236 239 240
124 143 145 146 158 160 161 172 173 174 179 181 182 193 194 195 199 200 201 204 207 209 210 221 222 223 227 228 229 232 234 235 236 239 240
125 141 147 148 156 162 163 171 172 175 177 183 184 192 193 196 198 199 202 204 205 211 212 220 221 224 226 227 230 232 233 234 237 239 240
126 142 147 149 157 162 164 171 173 175 178 183 185 192 194 196 198 200 202 204 206 211 213 220 222 224 226 228 230 232 233 235 237 239 240
127 143 148 149 158 163 164 172 173 175 179 184 185 193 194 196 199 200 202 204 207 212 213 221 222 224 227 228 230 232 234 235 237 239 240
128 144 147 150 159 162 165 171 174 175 180 183 186 192 195 196 198 201 202 204 208 211 214 220 223 224 226 229 230 232 233 236 237 239 240
129 145 148 150 160 163 165 172 174 175 181 184 186 193 195 196 199 201 202 204 209 212 214 221 223 224 227 229 230 232 234 236 237 239 240
130 146 149 150 161 164 165 173 174 175 182 185 186 194 195 196 200 201 202 204 210 213 214 222 223 224 228 229 230 232 235 236 237 239 240
131 141 151 152 156 166 167 171 172 176 177 187 188 192 193 197 198 199 203 204 205 215 216 220 221 225 226 227 231 232 233 234 238 239 240
132 142 151 153 157 166 168 171 173 176 178 187 189 192 194 197 198 200 203 204 206 215 217 220 222 225 226 228 231 232 233 235 238 239 240
133 143 152 153 158 167 168 172 173 176 179 188 189 193 194 197 199 200 203 204 207 216 217 221 222 225 227 228 231 232 234 235 238 239 240
134 144 151 154 159 166 169 171 174 176 180 187 190 192 195 197 198 201 203 204 208 215 218 220 223 225 226 229 231 232 233 236 238 239 240
135 145 152 154 160 167 169 172 174 176 181 188 190 193 195 197 199 201 203 204 209 216 218 221 223 225 227 229 231 232 234 236 238 239 240
136 146 153 154 161 168 169 173 174 176 182 189 190 194 195 197 200 201 203 204 210 217 218 222 223 225 228 229 231 232 235 236 238 239 240
137 147 151 155 162 166 170 171 175 176 183 187 191 192 196 197 198 202 203 204 211 215 219 220 224 225 226 230 231 232 233 237 238 239 240
138 148 152 155 163 167 170 172 175 176 184 188 191 193 196 197 199 202 203 204 212 216 219 221 224 225 227 230 231 232 234 237 238 239 240
139 149 153 155 164 168 170 173 175 176 185 189 191 194 196 197 200 202 203 204 213 217 219 222 224 225 228 230 231 232 235 237 238 239 240
140 150 154 155 165 169 170 174 175 176 186 190 191 195 196 197 201 202 203 204 214 218 219 223 224 225 229 230 231 232 236 237 238 239 240
1 2 3 4 5 9 10 11 12 16 17 18 22 23 27 37 38 39 40 44 45 46 50 51 55 65 66 67 71 72 76 86 87 91 101
1 2 3 4 6 9 10 11 13 16 17 19 22 24 28 37 38 39 41 44 45 47 50 52 56 65 66 68 71 73 77 86 88 92 102
1 2 3 4 7 9 10 11 14 16 17 20 22 25 29 37 38 39 42 44 45 48 50 53 57 65 66 69 71 74 78 86 89 93 103
1 2 3 4 8 9 10 11 15 16 17 21 22 26 30 37 38 39 43 44 45 49 50 54 58 65 66 70 71 75 79 86 90 94 104
1 2 3 5 6 9 10 12 13 16 18 19 23 24 31 37 38 40 41 44 46 47 51 52 59 65 67 68 72 73 80 87 88 95 105
1 2 3 5 7 9 10 12 14 16 18 20 23 25 32 37 38 40 42 44 46 48 51 53 60 65 67 69 72 74 81 87 89 96 106
1 2 3 5 8 9 10 12 15 16 18 21 23 26 33 37 38 40 43 44 46 49 51 54 61 65 67 70 72 75 82 87 90 97 107
1 2 3 6 7 9 10 13 14 16 19 20 24 25 34 37 38 41 42 44 47 48 52 53 62 65 68 69 73 74 83 88 89 98 108
1 2 3 6 8 9 10 13 15 16 19 21 24 26 35 37 38 41 43 44 47 49 52 54 63 65 68 70 73 75 84 88 90 99 109
1 2 3 7 8 9 10 14 15 16 20 21 25 26 36 37 38 42 43 44 48 49 53 54 64 65 69 70 74 75 85 89 90 100 110
1 2 4 5 6 9 11 12 13 17 18 19 27 28 31 37 39 40 41 45 46 47 55 56 59 66 67 68 76 77 80 91 92 95 111
1 2 4 5 7 9 11 12 14 17 18 20 27 29 32 37 39 40 42 45 46 48 55 57 60 66 67 69 76 78 81 91 93 96 112
1 2 4 5 8 9 11 12 15 17 18 21 27 30 33 37 39 40 43 45 46 49 55 58 61 66 67 70 76 79 82 91 94 97 113
1 2 4 6 7 9 11 13 14 17 19 20 28 29 34 37 39 41 42 45 47 48 56 57 62 66 68 69 77 78 83 92 93 98 114
1 2 4 6 8 9 11 13 15 17 19 21 28 30 35 37 39 41 43 45 47 49 56 58 63 66 68 70 77 79 84 92 94 99 115
1 2 4 7 8 9 11 14 15 17 20 21 29 30 36 37 39 42 43 45 48 49 57 58 64 66 69 70 78 79 85 93 94 100 116
1 2 5 6 7 9 12 13 14 18 19 20 31 32 34 37 40 41 42 46 47 48 59 60 62 67 68 69 80 81 83 95 96 98 117
1 2 5 6 8 9 12 13 15 18 19 21 31 33 35 37 40 41 43 46 47 49 59 61 63 67 68 70 80 82 84 95 97 99 118
1 2 5 7 8 9 12 14 15 18 20 21 32 33 36 37 40 42 43 46 48 49 60 61 64 67 69 70 81 82 85 96 97 100 119
1 2 6 7 8 9 13 14 15 19 20 21 34 35 36 37 41 42 43 47 48 49 62 63 64 68 69 70 83 84 85 98 99 100 120
1 3 4 5 6 10 11 12 13 22 23 24 27 28 31 38 39 40 41 50 51 52 55 56 59 71 72 73 76 77 80 101 102 105 111
1 3 4 5 7 10 11 12 14 22 23 25 27 29 32 38 39 40 42 50 51 53 55 57 60 71 72 74 76 78 81 101 103 106 112
1 3 4 5 8 10 11 12 15 22 23 26 27 30 33 38 39 40 43 50 51 54 55 58 61 71 72 75 76 79 82 101 104 107 113
1 3 4 6 7 10 11 13 14 22 24 25 28 29 34 38 39 41 42 50 52 53 56 57 62 71 73 74 77 78 83 102 103 108 114
1 3 4 6 8 10 11 13 15 22 24 26 28 30 35 38 39 41 43 50 52 54 56 58 63 71 73 75 77 79 84 102 104 109 115
1 3 4 7 8 10 11 14 15 22 25 26 29 30 36 38 39 42 43 50 53 54 57 58 64 71 74 75 78 79 85 103 104 110 116
1 3 5 6 7 10 12 13 14 23 24 25 31 32 34 38 40 41 42 51 52 53 59 60 62 72 73 74 80 81 83 105 106 108 117
1 3 5 6 8 10 12 13 15 23 24 26 31 33 35 38 40 41 43 51 52 54 59 61 63 72 73 75 80 82 84 105 107 109 118
1 3 5 7 8 10 12 14 15 23 25 26 32 33 36 38 40 42 43 51 53 54 60 61 64 72 74 75 81 82 85 106 107 110 119
1 3 6 7 8 10 13 14 15 24 25 26 34 35 36 38 41 42 43 52 53 54 62 63 64 73 74 75 83 84 85 108 109 110 120
1 4 5 6 7 11 12 13 14 27 28 29 31 32 34 39 40 41 42 55 56 57 59 60 62 76 77 78 80 81 83 111 112 114 117
1 4 5 6 8 11 12 13 15 27 28 30 31 33 35 39 40 41 43 55 56 58 59 61 63 76 77 79 80 82 84 111 113 115 118
1 4 5 7 8 11 12 14 15 27 29 30 32 33 36 39 40 42 43 55 57 58 60 61 64 76 78 79 81 82 85 112 113 116 119
1 4 6 7 8 11 13 14 15 28 29 30 34 35 36 39 41 42 43 56 57 58 62 63 64 77 78 79 83 84 85 114 115 116 120
1 5 6 7 8 12 13 14 15 31 32 33 34 35 36 40 41 42 43 59 60 61 62 63 64 80 81 82 83 84 85 117 118 119 120
2 3 4 5 6 16 17 18 19 22 23 24 27 28 31 44 45 46 47 50 51 52 55 56 59 86 87 88 91 92 95 101 102 105 111
2 3 4 5 7 16 17 18 20 22 23 25 27 29 32 44 45 46 48 50 51 53 55 57 60 86 87 89 91 93 96 101 103 106 112
2 3 4 5 8 16 17 18 21 22 23 26 27 30 33 44 45 46 49 50 51 54 55 58 61 86 87 90 91 94 97 101 104 107 113
2 3 4 6 7 16 17 19 20 22 24 25 28 29 34 44 45 47 48 50 52 53 56 57 62 86 88 89 92 93 98 102 103 108 114
2 3 4 6 8 16 17 19 21 22 24 26 28 30 35 44 45 47 49 50 52 54 56 58 63 86 88 90 92 94 99 102 104 109 115
2 3 4 7 8 16 17 20 21 22 25 26 29 30 36 44 45 48 49 50 53 54 57 58 64 86 89 90 93 94 100 103 104 110 116
2 3 5 6 7 16 18 19 20 23 24 25 31 32 34 44 46 47 48 51 52 53 59 60 62 87 88 89 95 96 98 105 106 108 117
2 3 5 6 8 16 18 19 21 23 24 26 31 33 35 44 46 47 49 51 52 54 59 61 63 87 88 90 95 97 99 105 107 109 118
2 3 5 7 8 16 18 20 21 23 25 26 32 33 36 44 46 48 49 51 53 54 60 61 64 87 89 90 96 97 100 106 107 110 119
2 3 6 7 8 16 19 20 21 24 25 26 34 35 36 44 47 48 49 52 53 54 62 63 64 88 89 90 98 99 100 108 109 110 120
2 4 5 6 7 17 18 19 20 27 28 29 31 32 34 45 46 47 48 55 56 57 59 60 62 91 92 93 95 96 98 111 112 114 117
2 4 5 6 8 17 18 19 21 27 28 30 31 33 35 45 46 47 49 55 56 58 59 61 63 91 92 94 95 97 99 111 113 115 118
2 4 5 7 8 17 18 20 21 27 29 30 32 33 36 45 46 48 49 55 57 58 60 61 64 91 93 94 96 97 100 112 113 116 119
2 4 6 7 8 17 19 20 21 28 29 30 34 35 36 45 47 48 49 56 57 58 62 63 64 92 93 94 98 99 100 114 115 116 120
2 5 6 7 8 18 19 20 21 31 32 33 34 35 36 46 47 48 49 59 60 61 62 63 64 95 96 97 98 99 100 117 118 119 120
3 4 5 6 7 22 23 24 25 27 28 29 31 32 34 50 51 52 53 55 56 57 59 60 62 101 102 103 105 106 108 111 112 114 117
3 4 5 6 8 22 23 24 26 27 28 30 31 33 35 50 51 52 54 55 56 58 59 61 63 101 102 104 105 107 109 111 113 115 118
3 4 5 7 8 22 23 25 26 27 29 30 32 33 36 50 51 53 54 55 57 58 60 61 64 101 103 104 106 107 110 112 113 116 119
3 4 6 7 8 22 24 25 26 28 29 30 34 35 36 50 52 53 54 56 57 58 62 63 64 102 103 104 108 109 110 114 115 116 120
3 5 6 7 8 23 24 25 26 31 32 33 34 35 36 51 52 53 54 59 60 61 62 63 64 105 106 107 108 109 110 117 118 119 120
4 5 6 7 8 27 28 29 30 31 32 33 34 35 36 55 56 57 58 59 60 61 62 63 64 111 112 113 114 115 116 117 118 119 120
9 10 11 12 13 16 17 18 19 22 23 24 27 28 31 65 66 67 68 71 72 73 76 77 80 86 87 88 91 92 95 101 102 105 111
9 10 11 12 14 16 17 18 20 22 23 25 27 29 32 65 66 67 69 71 72 74 76 78 81 86 87 89 91 93 96 101 103 106 112
9 10 11 12 15 16 17 18 21 22 23 26 27 30 33 65 66 67 70 71 72 75 76 79 82 86 87 90 91 94 97 101 104 107 113
9 10 11 13 14 16 17 19 20 22 24 25 28 29 34 65 66 68 69 71 73 74 77 78 83 86 88 89 92 93 98 102 103 108 114
9 10 11 13 15 16 17 19 21 22 24 26 28 30 35 65 66 68 70 71 73 75 77 79 84 86 88 90 92 94 99 102 104 109 115
9 10 11 14 15 16 17 20 21 22 25 26 29 30 36 65 66 69 70 71 74 75 78 79 85 86 89 90 93 94 100 103 104 110 116
9 10 12 13 14 16 18 19 20 23 24 25 31 32 34 65 67 68 69 72 73 74 80 81 83 87 88 89 95 96 98 105 106 108 117
9 10 12 13 15 16 18 19 21 23 24 26 31 33 35 65 67 68 70 72 73 75 80 82 84 87 88 90 95 97 99 105 107 109 118
9 10 12 14 15 16 18 20 21 23 25 26 32 33 36 65 67 69 70 72 74 75 81 82 85 87 89 90 96 97 100 106 107 110 119
9 10 13 14 15 16 19 20 21 24 25 26 34 35 36 65 68 69 70 73 74 75 83 84 85 88 89 90 98 99 100 108 109 110 120
9 11 12 13 14 17 18 19 20 27 28 29 31 32 34 66 67 68 69 76 77 78 80 81 83 91 92 93 95 96 98 111 112 114 117
9 11 12 13 15 17 18 19 21 27 28 30 31 33 35 66 67 68 70 76 77 79 80 82 84 91 92 94 95 97 99 111 113 115 118
9 11 12 14 15 17 18 20 21 27 29 30 32 33 36 66 67 69 70 76 78 79 81 82 85 91 93 94 96 97 100 112 113 116 119
9 11 13 14 15 17 19 20 21 28 29 30 34 35 36 66 68 69 70 77 78 79 83 84 85 92 93 94 98 99 100 114 115 116 120
9 12 13 14 15 18 19 20 21 31 32 33 34 35 36 67 68 69 70 80 81 82 83 84 85 95 96 97 98 99 100 117 118 119 120
10 11 12 13 14 22 23 24 25 27 28 29 31 32 34 71 72 73 74 76 77 78 80 81 83 101 102 103 105 106 108 111 112 114 117
10 11 12 13 15 22 23 24 26 27 28 30 31 33 35 71 72 73 75 76 77 79 80 82 84 101 102 104 105 107 109 111 113 115 118
10 11 12 14 15 22 23 25 26 27 29 30 32 33 36 71 72 74 75 76 78 79 81 82 85 101 103 104 106 107 110 112 113 116 119
10 11 13 14 15 22 24 25 26 28 29 30 34 35 36 71 73 74 75 77 78 79 83 84 85 102 103 104 108 109 110 114 115 116 120
10 12 13 14 15 23 24 25 26 31 32 33 34 35 36 72 73 74 75 80 81 82 83 84 85 105 106 107 108 109 110 117 118 119 120
11 12 13 14 15 27 28 29 30 31 32 33 34 35 36 76 77 78 79 80 81 82 83 84 85 111 112 113 114 115 116 117 118 119 120
16 17 18 19 20 22 23 24 25 27 28 29 31 32 34 86 87 88 89 91 92 93 95 96 98 101 102 103 105 106 108 111 112 114 117
16 17 18 19 21 22 23 24 26 27 28 30 31 33 35 86 87 88 90 91 92 94 95 97 99 101 102 104 105 107 109 111 113 115 118
16 17 18 20 21 22 23 25 26 27 29 30 32 33 36 86 87 89 90 91 93 94 96 97 100 101 103 104 106 107 110 112 113 116 119
16 17 19 20 21 22 24 25 26 28 29 30 34 35 36 86 88 89 90 92 93 94 98 99 100 102 103 104 108 109 110 114 115 116 120
16 18 19 20 21 23 24 25 26 31 32 33 34 35 36 87 88 89 90 95 96 97 98 99 100 105 106 107 108 109 110 117 118 119 120
17 18 19 20 21 27 28 29 30 31 32 33 34 35 36 91 92 93 94 95 96 97 98 99 100 111 112 113 114 115 116 117 118 119 120
22 23 24 25 26 27 28 29 30 31 32 33 34 35 36 101 102 103 104 105 106 107 108 109 110 111 112 113 114 115 116 117 118 119 120
37 38 39 40 41 44 45 46 47 50 51 52 55 56 59 65 66 67 68 71 72 73 76 77 80 86 87 88 91 92 95 101 102 105 111
37 38 39 40 42 44 45 46 48 50 51 53 55 57 60 65 66 67 69 71 72 74 76 78 81 86 87 89 91 93 96 101 103 106 112
37 38 39 40 43 44 45 46 49 50 51 54 55 58 61 65 66 67 70 71 72 75 76 79 82 86 87 90 91 94 97 101 104 107 113
37 38 39 41 42 44 45 47 48 50 52 53 56 57 62 65 66 68 69 71 73 74 77 78 83 86 88 89 92 93 98 102 103 108 114
37 38 39 41 43 44 45 47 49 50 52 54 56 58 63 65 66 68 70 71 73 75 77 79 84 86 88 90 92 94 99 102 104 109 115
37 38 39 42 43 44 45 48 49 50 53 54 57 58 64 65 66 69 70 71 74 75 78 79 85 86 89 90 93 94 100 103 104 110 116
37 38 40 41 42 44 46 47 48 51 52 53 59 60 62 65 67 68 69 72 73 74 80 81 83 87 88 89 95 96 98 105 106 108 117
37 38 40 41 43 44 46 47 49 51 52 54 59 61 63 65 67 68 70 72 73 75 80 82 84 87 88 90 95 97 99 105 107 109 118
37 38 40 42 43 44 46 48 49 51 53 54 60 61 64 65 67 69 70 72 74 75 81 82 85 87 89 90 96 97 100 106 107 110 119
37 38 41 42 43 44 47 48 49 52 53 54 62 63 64 65 68 69 70 73 74 75 83 84 85 88 89 90 98 99 100 108 109 110 120
37 39 40 41 42 45 46 47 48 55 56 57 59 60 62 66 67 68 69 76 77 78 80 81 83 91 92 93 95 96 98 111 112 114 117
37 39 40 41 43 45 46 47 49 55 56 58 59 61 63 66 67 68 70 76 77 79 80 82 84 91 92 94 95 97 99 111 113 115 118
37 39 40 42 43 45 46 48 49 55 57 58 60 61 64 66 67 69 70 76 78 79 81 82 85 91 93 94 96 97 100 112 113 116 119
37 39 41 42 43 45 47 48 49 56 57 58 62 63 64 66 68 69 70 77 78 79 83 84 85 92 93 94 98 99 100 114 115 116 120
37 40 41 42 43 46 47 48 49 59 60 61 62 63 64 67 68 69 70 80 81 82 83 84 85 95 96 97 98 99 100 117 118 119 120
38 39 40 41 42 50 51 52 53 55 56 57 59 60 62 71 72 73 74 76 77 78 80 81 83 101 102 103 105 106 108 111 112 114 117
38 39 40 41 43 50 51 52 54 55 56 58 59 61 63 71 72 73 75 76 77 79 80 82 84 101 102 104 105 107 109 111 113 115 118
38 39 40 42 43 50 51 53 54 55 57 58 60 61 64 71 72 74 75 76 78 79 81 82 85 101 103 104 106 107 110 112 113 116 119
38 39 41 42 43 50 52 53 54 56 57 58 62 63 64 71 73 74 75 77 78 79 83 84 85 102 103 104 108 109 110 114 115 116 120
38 40 41 42 43 51 52 53 54 59 60 61 62 63 64 72 73 74 75 80 81 82 83 84 85 105 106 107 108 109 110 117 118 119 120
39 40 41 42 43 55 56 57 58 59 60 61 62 63 64 76 77 78 79 80 81 82 83 84 85 111 112 113 114 115 116 117 118 119 120
44 45 46 47 48 50 51 52 53 55 56 57 59 60 62 86 87 88 89 91 92 93 95 96 98 101 102 103 105 106 108 111 112 114 117
44 45 46 47 49 50 51 52 54 55 56 58 59 61 63 86 87 88 90 91 92 94 95 97 99 101 102 104 105 107 109 111 113 115 118
44 45 46 48 49 50 51 53 54 55 57 58 60 61 64 86 87 89 90 91 93 94 96 97 100 101 103 104 106 107 110 112 113 116 119
44 45 47 48 49 50 52 53 54 56 57 58 62 63 64 86 88 89 90 92 93 94 98 99 100 102 103 104 108 109 110 114 115 116 120
44 46 47 48 49 51 52 53 54 59 60 61 62 63 64 87 88 89 90 95 96 97 98 99 100 105 106 107 108 109 110 117 118 119 120
45 46 47 48 49 55 56 57 58 59 60 61 62 63 64 91 92 93 94 95 96 97 98 99 100 111 112 113 114 115 116 117 118 119 120
50 51 52 53 54 55 56 57 58 59 60 61 62 63 64 101 102 103 104 105 106 107 108 109 110 111 112 113 114 115 116 117 118 119 120
65 66 67 68 69 71 72 73 74 76 77 78 80 81 83 86 87 88 89 91 92 93 95 96 98 101 102 103 105 106 108 111 112 114 117
65 66 67 68 70 71 72 73 75 76 77 79 80 82 84 86 87 88 90 91 92 94 95 97 99 101 102 104 105 107 109 111 113 115 118
65 66 67 69 70 71 72 74 75 76 78 79 81 82 85 86 87 89 90 91 93 94 96 97 100 101 103 104 106 107 110 112 113 116 119
65 66 68 69 70 71 73 74 75 77 78 79 83 84 85 86 88 89 90 92 93 94 98 99 100 102 103 104 108 109 110 114 115 116 120
65 67 68 69 70 72 73 74 75 80 81 82 83 84 85 87 88 89 90 95 96 97 98 99 100 105 106 107 108 109 110 117 118 119 120
66 67 68 69 70 76 77 78 79 80 81 82 83 84 85 91 92 93 94 95 96 97 98 99 100 111 112 113 114 115 116 117 118 119 120
71 72 73 74 75 76 77 78 79 80 81 82 83 84 85 101 102 103 104 105 106 107 108 109 110 111 112 113 114 115 116 117 118 119 120
86 87 88 89 90 91 92 93 94 95 96 97 98 99 100 101 102 103 104 105 106 107 108 109 110 111 112 113 114 115 116 117 118 119 120
