90 1260
46 47 48 49 50 51 52 53 54 55 56 57 58 59 60 61 62 63 64 65 66 67 68 69 70 71 72 73
46 47 48 49 50 51 52 53 54 55 56 57 58 59 60 61 62 63 64 65 66 74 75 76 77 78 79 80
46 47 48 49 50 51 52 53 54 55 56 57 58 59 60 67 68 69 70 71 72 74 75 76 77 78 79 81
46 47 48 49 50 51 52 53 54 55 61 62 63 64 65 67 68 69 70 71 73 74 75 76 77 78 80 81
46 47 48 49 50 51 56 57 58 59 61 62 63 64 66 67 68 69 70 72 73 74 75 76 77 79 80 81
46 47 48 52 53 54 56 57 58 60 61 62 63 65 66 67 68 69 71 72 73 74 75 76 78 79 80 81
46 49 50 52 53 55 56 57 59 60 61 62 64 65 66 67 68 70 71 72 73 74 75 77 78 79 80 81
47 49 51 52 54 55 56 58 59 60 61 63 64 65 66 67 69 70 71 72 73 74 76 77 78 79 80 81
48 50 51 53 54 55 57 58 59 60 62 63 64 65 66 68 69 70 71 72 73 75 76 77 78 79 80 81
46 47 48 49 50 51 52 53 54 55 56 57 58 59 60 61 62 63 64 65 66 82 83 84 85 86 87 88
46 47 48 49 50 51 52 53 54 55 56 57 58 59 60 67 68 69 70 71 72 82 83 84 85 86 87 89
46 47 48 49 50 51 52 53 54 55 61 62 63 64 65 67 68 69 70 71 73 82 83 84 85 86 88 89
46 47 48 49 50 51 56 57 58 59 61 62 63 64 66 67 68 69 70 72 73 82 83 84 85 87 88 89
46 47 48 52 53 54 56 57 58 60 61 62 63 65 66 67 68 69 71 72 73 82 83 84 86 87 88 89
46 49 50 52 53 55 56 57 59 60 61 62 64 65 66 67 68 70 71 72 73 82 83 85 86 87 88 89
47 49 51 52 54 55 56 58 59 60 61 63 64 65 66 67 69 70 71 72 73 82 84 85 86 87 88 89
48 50 51 53 54 55 57 58 59 60 62 63 64 65 66 68 69 70 71 72 73 83 84 85 86 87 88 89
46 47 48 49 50 51 52 53 54 55 56 57 58 59 60 74 75 76 77 78 79 82 83 84 85 86 87 90
46 47 48 49 50 51 52 53 54 55 61 62 63 64 65 74 75 76 77 78 80 82 83 84 85 86 88 90
46 47 48 49 50 51 56 57 58 59 61 62 63 64 66 74 75 76 77 79 80 82 83 84 85 87 88 90
46 47 48 52 53 54 56 57 58 60 61 62 63 65 66 74 75 76 78 79 80 82 83 84 86 87 88 90
46 49 50 52 53 55 56 57 59 60 61 62 64 65 66 74 75 77 78 79 80 82 83 85 86 87 88 90
47 49 51 52 54 55 56 58 59 60 61 63 64 65 66 74 76 77 78 79 80 82 84 85 86 87 88 90
48 50 51 53 54 55 57 58 59 60 62 63 64 65 66 75 76 77 78 79 80 83 84 85 86 87 88 90
46 47 48 49 50 51 52 53 54 55 67 68 69 70 71 74 75 76 77 78 81 82 83 84 85 86 89 90
46 47 48 49 50 51 56 57 58 59 67 68 69 70 72 74 75 76 77 79 81 82 83 84 85 87 89 90
46 47 48 52 53 54 56 57 58 60 67 68 69 71 72 74 75 76 78 79 81 82 83 84 86 87 89 90
46 49 50 52 53 55 56 57 59 60 67 68 70 71 72 74 75 77 78 79 81 82 83 85 86 87 89 90
47 49 51 52 54 55 56 58 59 60 67 69 70 71 72 74 76 77 78 79 81 82 84 85 86 87 89 90
48 50 51 53 54 55 57 58 59 60 68 69 70 71 72 75 76 77 78 79 81 83 84 85 86 87 89 90
46 47 48 49 50 51 61 62 63 64 67 68 69 70 73 74 75 76 77 80 81 82 83 84 85 88 89 90
46 47 48 52 53 54 61 62 63 65 67 68 69 71 73 74 75 76 78 80 81 82 83 84 86 88 89 90
46 49 50 52 53 55 61 62 64 65 67 68 70 71 73 74 75 77 78 80 81 82 83 85 86 88 89 90
47 49 51 52 54 55 61 63 64 65 67 69 70 71 73 74 76 77 78 80 81 82 84 85 86 88 89 90
48 50 51 53 54 55 62 63 64 65 68 69 70 71 73 75 76 77 78 80 81 83 84 85 86 88 89 90
46 47 48 56 57 58 61 62 63 66 67 68 69 72 73 74 75 76 79 80 81 82 83 84 87 88 89 90
46 49 50 56 57 59 61 62 64 66 67 68 70 72 73 74 75 77 79 80 81 82 83 85 87 88 89 90
47 49 51 56 58 59 61 63 64 66 67 69 70 72 73 74 76 77 79 80 81 82 84 85 87 88 89 90
48 50 51 57 58 59 62 63 64 66 68 69 70 72 73 75 76 77 79 80 81 83 84 85 87 88 89 90
46 52 53 56 57 60 61 62 65 66 67 68 71 72 73 74 75 78 79 80 81 82 83 86 87 88 89 90
47 52 54 56 58 60 61 63 65 66 67 69 71 72 73 74 76 78 79 80 81 82 84 86 87 88 89 90
48 53 54 57 58 60 62 63 65 66 68 69 71 72 73 75 76 78 79 80 81 83 84 86 87 88 89 90
49 52 55 56 59 60 61 64 65 66 67 70 71 72 73 74 77 78 79 80 81 82 85 86 87 88 89 90
50 53 55 57 59 60 62 64 65 66 68 70 71 72 73 75 77 78 79 80 81 83 85 86 87 88 89 90
51 54 55 58 59 60 63 64 65 66 69 70 71 72 73 76 77 78 79 80 81 84 85 86 87 88 89 90
1 2 3 4 5 6 7 10 11 12 13 14 15 18 19 20 21 22 25 26 27 28 31 32 33 36 37 40
1 2 3 4 5 6 8 10 11 12 13 14 16 18 19 20 21 23 25 26 27 29 31 32 34 36 38 41
1 2 3 4 5 6 9 10 11 12 13 14 17 18 19 20 21 24 25 26 27 30 31 32 35 36 39 42
1 2 3 4 5 7 8 10 11 12 13 15 16 18 19 20 22 23 25 26 28 29 31 33 34 37 38 43
1 2 3 4 5 7 9 10 11 12 13 15 17 18 19 20 22 24 25 26 28 30 31 33 35 37 39 44
1 2 3 4 5 8 9 10 11 12 13 16 17 18 19 20 23 24 25 26 29 30 31 34 35 38 39 45
1 2 3 4 6 7 8 10 11 12 14 15 16 18 19 21 22 23 25 27 28 29 32 33 34 40 41 43
1 2 3 4 6 7 9 10 11 12 14 15 17 18 19 21 22 24 25 27 28 30 32 33 35 40 42 44
1 2 3 4 6 8 9 10 11 12 14 16 17 18 19 21 23 24 25 27 29 30 32 34 35 41 42 45
1 2 3 4 7 8 9 10 11 12 15 16 17 18 19 22 23 24 25 28 29 30 33 34 35 43 44 45
1 2 3 5 6 7 8 10 11 13 14 15 16 18 20 21 22 23 26 27 28 29 36 37 38 40 41 43
1 2 3 5 6 7 9 10 11 13 14 15 17 18 20 21 22 24 26 27 28 30 36 37 39 40 42 44
1 2 3 5 6 8 9 10 11 13 14 16 17 18 20 21 23 24 26 27 29 30 36 38 39 41 42 45
1 2 3 5 7 8 9 10 11 13 15 16 17 18 20 22 23 24 26 28 29 30 37 38 39 43 44 45
1 2 3 6 7 8 9 10 11 14 15 16 17 18 21 22 23 24 27 28 29 30 40 41 42 43 44 45
1 2 4 5 6 7 8 10 12 13 14 15 16 19 20 21 22 23 31 32 33 34 36 37 38 40 41 43
1 2 4 5 6 7 9 10 12 13 14 15 17 19 20 21 22 24 31 32 33 35 36 37 39 40 42 44
1 2 4 5 6 8 9 10 12 13 14 16 17 19 20 21 23 24 31 32 34 35 36 38 39 41 42 45
1 2 4 5 7 8 9 10 12 13 15 16 17 19 20 22 23 24 31 33 34 35 37 38 39 43 44 45
1 2 4 6 7 8 9 10 12 14 15 16 17 19 21 22 23 24 32 33 34 35 40 41 42 43 44 45
1 2 5 6 7 8 9 10 13 14 15 16 17 20 21 22 23 24 36 37 38 39 40 41 42 43 44 45
1 3 4 5 6 7 8 11 12 13 14 15 16 25 26 27 28 29 31 32 33 34 36 37 38 40 41 43
1 3 4 5 6 7 9 11 12 13 14 15 17 25 26 27 28 30 31 32 33 35 36 37 39 40 42 44
1 3 4 5 6 8 9 11 12 13 14 16 17 25 26 27 29 30 31 32 34 35 36 38 39 41 42 45
1 3 4 5 7 8 9 11 12 13 15 16 17 25 26 28 29 30 31 33 34 35 37 38 39 43 44 45
1 3 4 6 7 8 9 11 12 14 15 16 17 25 27 28 29 30 32 33 34 35 40 41 42 43 44 45
1 3 5 6 7 8 9 11 13 14 15 16 17 26 27 28 29 30 36 37 38 39 40 41 42 43 44 45
1 4 5 6 7 8 9 12 13 14 15 16 17 31 32 33 34 35 36 37 38 39 40 41 42 43 44 45
2 3 4 5 6 7 8 18 19 20 21 22 23 25 26 27 28 29 31 32 33 34 36 37 38 40 41 43
2 3 4 5 6 7 9 18 19 20 21 22 24 25 26 27 28 30 31 32 33 35 36 37 39 40 42 44
2 3 4 5 6 8 9 18 19 20 21 23 24 25 26 27 29 30 31 32 34 35 36 38 39 41 42 45
2 3 4 5 7 8 9 18 19 20 22 23 24 25 26 28 29 30 31 33 34 35 37 38 39 43 44 45
2 3 4 6 7 8 9 18 19 21 22 23 24 25 27 28 29 30 32 33 34 35 40 41 42 43 44 45
2 3 5 6 7 8 9 18 20 21 22 23 24 26 27 28 29 30 36 37 38 39 40 41 42 43 44 45
2 4 5 6 7 8 9 19 20 21 22 23 24 31 32 33 34 35 36 37 38 39 40 41 42 43 44 45
3 4 5 6 7 8 9 25 26 27 28 29 30 31 32 33 34 35 36 37 38 39 40 41 42 43 44 45
10 11 12 13 14 15 16 18 19 20 21 22 23 25 26 27 28 29 31 32 33 34 36 37 38 40 41 43
10 11 12 13 14 15 17 18 19 20 21 22 24 25 26 27 28 30 31 32 33 35 36 37 39 40 42 44
10 11 12 13 14 16 17 18 19 20 21 23 24 25 26 27 29 30 31 32 34 35 36 38 39 41 42 45
10 11 12 13 15 16 17 18 19 20 22 23 24 25 26 28 29 30 31 33 34 35 37 38 39 43 44 45
10 11 12 14 15 16 17 18 19 21 22 23 24 25 27 28 29 30 32 33 34 35 40 41 42 43 44 45
10 11 13 14 15 16 17 18 20 21 22 23 24 26 27 28 29 30 36 37 38 39 40 41 42 43 44 45
10 12 13 14 15 16 17 19 20 21 22 23 24 31 32 33 34 35 36 37 38 39 40 41 42 43 44 45
11 12 13 14 15 16 17 25 26 27 28 29 30 31 32 33 34 35 36 37 38 39 40 41 42 43 44 45
18 19 20 21 22 23 24 25 26 27 28 29 30 31 32 33 34 35 36 37 38 39 40 41 42 43 44 45
