330 9240
166 167 168 169 170 171 172 173 174 175 176 177 178 179 180 181 182 183 184 185 186 187 188 189 190 191 192 193 194 195 196 197 198 199 200 201 202 203 204 205 206 207 208 209 210 211 212 213 214 215 216 217 218 219 220 221
166 167 168 169 170 171 172 173 174 175 176 177 178 179 180 181 182 183 184 185 186 187 188 189 190 191 192 193 194 195 196 197 198 199 200 222 223 224 225 226 227 228 229 230 231 232 233 234 235 236 237 238 239 240 241 242
166 167 168 169 170 171 172 173 174 175 176 177 178 179 180 181 182 183 184 185 201 202 203 204 205 206 207 208 209 210 211 212 213 214 215 222 223 224 225 226 227 228 229 230 231 232 233 234 235 236 243 244 245 246 247 248
166 167 168 169 170 171 172 173 174 175 186 187 188 189 190 191 192 193 194 195 201 202 203 204 205 206 207 208 209 210 216 217 218 219 220 222 223 224 225 226 227 228 229 230 231 237 238 239 240 241 243 244 245 246 247 249
166 167 168 169 176 177 178 179 180 181 186 187 188 189 190 191 196 197 198 199 201 202 203 204 205 206 211 212 213 214 216 217 218 219 221 222 223 224 225 226 227 232 233 234 235 237 238 239 240 242 243 244 245 246 248 249
166 170 171 172 176 177 178 182 183 184 186 187 188 192 193 194 196 197 198 200 201 202 203 207 208 209 211 212 213 215 216 217 218 220 221 222 223 224 228 229 230 232 233 234 236 237 238 239 241 242 243 244 245 247 248 249
167 170 173 174 176 179 180 182 183 185 186 189 190 192 193 195 196 197 199 200 201 204 205 207 208 210 211 212 214 215 216 217 219 220 221 222 225 226 228 229 231 232 233 235 236 237 238 240 241 242 243 244 246 247 248 249
168 171 173 175 177 179 181 182 184 185 187 189 191 192 194 195 196 198 199 200 202 204 206 207 209 210 211 213 214 215 216 218 219 220 221 223 225 227 228 230 231 232 234 235 236 237 239 240 241 242 243 245 246 247 248 249
169 172 174 175 178 180 181 183 184 185 188 190 191 193 194 195 197 198 199 200 203 205 206 208 209 210 212 213 214 215 217 218 219 220 221 224 226 227 229 230 231 233 234 235 236 238 239 240 241 242 244 245 246 247 248 249
166 167 168 169 170 171 172 173 174 175 176 177 178 179 180 181 182 183 184 185 186 187 188 189 190 191 192 193 194 195 196 197 198 199 200 250 251 252 253 254 255 256 257 258 259 260 261 262 263 264 265 266 267 268 269 270
166 167 168 169 170 171 172 173 174 175 176 177 178 179 180 181 182 183 184 185 201 202 203 204 205 206 207 208 209 210 211 212 213 214 215 250 251 252 253 254 255 256 257 258 259 260 261 262 263 264 271 272 273 274 275 276
166 167 168 169 170 171 172 173 174 175 186 187 188 189 190 191 192 193 194 195 201 202 203 204 205 206 207 208 209 210 216 217 218 219 220 250 251 252 253 254 255 256 257 258 259 265 266 267 268 269 271 272 273 274 275 277
166 167 168 169 176 177 178 179 180 181 186 187 188 189 190 191 196 197 198 199 201 202 203 204 205 206 211 212 213 214 216 217 218 219 221 250 251 252 253 254 255 260 261 262 263 265 266 267 268 270 271 272 273 274 276 277
166 170 171 172 176 177 178 182 183 184 186 187 188 192 193 194 196 197 198 200 201 202 203 207 208 209 211 212 213 215 216 217 218 220 221 250 251 252 256 257 258 260 261 262 264 265 266 267 269 270 271 272 273 275 276 277
167 170 173 174 176 179 180 182 183 185 186 189 190 192 193 195 196 197 199 200 201 204 205 207 208 210 211 212 214 215 216 217 219 220 221 250 253 254 256 257 259 260 261 263 264 265 266 268 269 270 271 272 274 275 276 277
168 171 173 175 177 179 181 182 184 185 187 189 191 192 194 195 196 198 199 200 202 204 206 207 209 210 211 213 214 215 216 218 219 220 221 251 253 255 256 258 259 260 262 263 264 265 267 268 269 270 271 273 274 275 276 277
169 172 174 175 178 180 181 183 184 185 188 190 191 193 194 195 197 198 199 200 203 205 206 208 209 210 212 213 214 215 217 218 219 220 221 252 254 255 257 258 259 261 262 263 264 266 267 268 269 270 272 273 274 275 276 277
166 167 168 169 170 171 172 173 174 175 176 177 178 179 180 181 182 183 184 185 222 223 224 225 226 227 228 229 230 231 232 233 234 235 236 250 251 252 253 254 255 256 257 258 259 260 261 262 263 264 278 279 280 281 282 283
166 167 168 169 170 171 172 173 174 175 186 187 188 189 190 191 192 193 194 195 222 223 224 225 226 227 228 229 230 231 237 238 239 240 241 250 251 252 253 254 255 256 257 258 259 265 266 267 268 269 278 279 280 281 282 284
166 167 168 169 176 177 178 179 180 181 186 187 188 189 190 191 196 197 198 199 222 223 224 225 226 227 232 233 234 235 237 238 239 240 242 250 251 252 253 254 255 260 261 262 263 265 266 267 268 270 278 279 280 281 283 284
166 170 171 172 176 177 178 182 183 184 186 187 188 192 193 194 196 197 198 200 222 223 224 228 229 230 232 233 234 236 237 238 239 241 242 250 251 252 256 257 258 260 261 262 264 265 266 267 269 270 278 279 280 282 283 284
167 170 173 174 176 179 180 182 183 185 186 189 190 192 193 195 196 197 199 200 222 225 226 228 229 231 232 233 235 236 237 238 240 241 242 250 253 254 256 257 259 260 261 263 264 265 266 268 269 270 278 279 281 282 283 284
168 171 173 175 177 179 181 182 184 185 187 189 191 192 194 195 196 198 199 200 223 225 227 228 230 231 232 234 235 236 237 239 240 241 242 251 253 255 256 258 259 260 262 263 264 265 267 268 269 270 278 280 281 282 283 284
169 172 174 175 178 180 181 183 184 185 188 190 191 193 194 195 197 198 199 200 224 226 227 229 230 231 233 234 235 236 238 239 240 241 242 252 254 255 257 258 259 261 262 263 264 266 267 268 269 270 279 280 281 282 283 284
166 167 168 169 170 171 172 173 174 175 201 202 203 204 205 206 207 208 209 210 222 223 224 225 226 227 228 229 230 231 243 244 245 246 247 250 251 252 253 254 255 256 257 258 259 271 272 273 274 275 278 279 280 281 282 285
166 167 168 169 176 177 178 179 180 181 201 202 203 204 205 206 211 212 213 214 222 223 224 225 226 227 232 233 234 235 243 244 245 246 248 250 251 252 253 254 255 260 261 262 263 271 272 273 274 276 278 279 280 281 283 285
166 170 171 172 176 177 178 182 183 184 201 202 203 207 208 209 211 212 213 215 222 223 224 228 229 230 232 233 234 236 243 244 245 247 248 250 251 252 256 257 258 260 261 262 264 271 272 273 275 276 278 279 280 282 283 285
167 170 173 174 176 179 180 182 183 185 201 204 205 207 208 210 211 212 214 215 222 225 226 228 229 231 232 233 235 236 243 244 246 247 248 250 253 254 256 257 259 260 261 263 264 271 272 274 275 276 278 279 281 282 283 285
168 171 173 175 177 179 181 182 184 185 202 204 206 207 209 210 211 213 214 215 223 225 227 228 230 231 232 234 235 236 243 245 246 247 248 251 253 255 256 258 259 260 262 263 264 271 273 274 275 276 278 280 281 282 283 285
169 172 174 175 178 180 181 183 184 185 203 205 206 208 209 210 212 213 214 215 224 226 227 229 230 231 233 234 235 236 244 245 246 247 248 252 254 255 257 258 259 261 262 263 264 272 273 274 275 276 279 280 281 282 283 285
166 167 168 169 186 187 188 189 190 191 201 202 203 204 205 206 216 217 218 219 222 223 224 225 226 227 237 238 239 240 243 244 245 246 249 250 251 252 253 254 255 265 266 267 268 271 272 273 274 277 278 279 280 281 284 285
166 170 171 172 186 187 188 192 193 194 201 202 203 207 208 209 216 217 218 220 222 223 224 228 229 230 237 238 239 241 243 244 245 247 249 250 251 252 256 257 258 265 266 267 269 271 272 273 275 277 278 279 280 282 284 285
167 170 173 174 186 189 190 192 193 195 201 204 205 207 208 210 216 217 219 220 222 225 226 228 229 231 237 238 240 241 243 244 246 247 249 250 253 254 256 257 259 265 266 268 269 271 272 274 275 277 278 279 281 282 284 285
168 171 173 175 187 189 191 192 194 195 202 204 206 207 209 210 216 218 219 220 223 225 227 228 230 231 237 239 240 241 243 245 246 247 249 251 253 255 256 258 259 265 267 268 269 271 273 274 275 277 278 280 281 282 284 285
169 172 174 175 188 190 191 193 194 195 203 205 206 208 209 210 217 218 219 220 224 226 227 229 230 231 238 239 240 241 244 245 246 247 249 252 254 255 257 258 259 266 267 268 269 272 273 274 275 277 279 280 281 282 284 285
166 176 177 178 186 187 188 196 197 198 201 202 203 211 212 213 216 217 218 221 222 223 224 232 233 234 237 238 239 242 243 244 245 248 249 250 251 252 260 261 262 265 266 267 270 271 272 273 276 277 278 279 280 283 284 285
167 176 179 180 186 189 190 196 197 199 201 204 205 211 212 214 216 217 219 221 222 225 226 232 233 235 237 238 240 242 243 244 246 248 249 250 253 254 260 261 263 265 266 268 270 271 272 274 276 277 278 279 281 283 284 285
168 177 179 181 187 189 191 196 198 199 202 204 206 211 213 214 216 218 219 221 223 225 227 232 234 235 237 239 240 242 243 245 246 248 249 251 253 255 260 262 263 265 267 268 270 271 273 274 276 277 278 280 281 283 284 285
169 178 180 181 188 190 191 197 198 199 203 205 206 212 213 214 217 218 219 221 224 226 227 233 234 235 238 239 240 242 244 245 246 248 249 252 254 255 261 262 263 266 267 268 270 272 273 274 276 277 279 280 281 283 284 285
170 176 182 183 186 192 193 196 197 200 201 207 208 211 212 215 216 217 220 221 222 228 229 232 233 236 237 238 241 242 243 244 247 248 249 250 256 257 260 261 264 265 266 269 270 271 272 275 276 277 278 279 282 283 284 285
171 177 182 184 187 192 194 196 198 200 202 207 209 211 213 215 216 218 220 221 223 228 230 232 234 236 237 239 241 242 243 245 247 248 249 251 256 258 260 262 264 265 267 269 270 271 273 275 276 277 278 280 282 283 284 285
172 178 183 184 188 193 194 197 198 200 203 208 209 212 213 215 217 218 220 221 224 229 230 233 234 236 238 239 241 242 244 245 247 248 249 252 257 258 261 262 264 266 267 269 270 272 273 275 276 277 279 280 282 283 284 285
173 179 182 185 189 192 195 196 199 200 204 207 210 211 214 215 216 219 220 221 225 228 231 232 235 236 237 240 241 242 243 246 247 248 249 253 256 259 260 263 264 265 268 269 270 271 274 275 276 277 278 281 282 283 284 285
174 180 183 185 190 193 195 197 199 200 205 208 210 212 214 215 217 219 220 221 226 229 231 233 235 236 238 240 241 242 244 246 247 248 249 254 257 259 261 263 264 266 268 269 270 272 274 275 276 277 279 281 282 283 284 285
175 181 184 185 191 194 195 198 199 200 206 209 210 213 214 215 218 219 220 221 227 230 231 234 235 236 239 240 241 242 245 246 247 248 249 255 258 259 262 263 264 267 268 269 270 273 274 275 276 277 280 281 282 283 284 285
166 167 168 169 170 171 172 173 174 175 176 177 178 179 180 181 182 183 184 185 186 187 188 189 190 191 192 193 194 195 196 197 198 199 200 286 287 288 289 290 291 292 293 294 295 296 297 298 299 300 301 302 303 304 305 306
166 167 168 169 170 171 172 173 174 175 176 177 178 179 180 181 182 183 184 185 201 202 203 204 205 206 207 208 209 210 211 212 213 214 215 286 287 288 289 290 291 292 293 294 295 296 297 298 299 300 307 308 309 310 311 312
166 167 168 169 170 171 172 173 174 175 186 187 188 189 190 191 192 193 194 195 201 202 203 204 205 206 207 208 209 210 216 217 218 219 220 286 287 288 289 290 291 292 293 294 295 301 302 303 304 305 307 308 309 310 311 313
166 167 168 169 176 177 178 179 180 181 186 187 188 189 190 191 196 197 198 199 201 202 203 204 205 206 211 212 213 214 216 217 218 219 221 286 287 288 289 290 291 296 297 298 299 301 302 303 304 306 307 308 309 310 312 313
166 170 171 172 176 177 178 182 183 184 186 187 188 192 193 194 196 197 198 200 201 202 203 207 208 209 211 212 213 215 216 217 218 220 221 286 287 288 292 293 294 296 297 298 300 301 302 303 305 306 307 308 309 311 312 313
167 170 173 174 176 179 180 182 183 185 186 189 190 192 193 195 196 197 199 200 201 204 205 207 208 210 211 212 214 215 216 217 219 220 221 286 289 290 292 293 295 296 297 299 300 301 302 304 305 306 307 308 310 311 312 313
168 171 173 175 177 179 181 182 184 185 187 189 191 192 194 195 196 198 199 200 202 204 206 207 209 210 211 213 214 215 216 218 219 220 221 287 289 291 292 294 295 296 298 299 300 301 303 304 305 306 307 309 310 311 312 313
169 172 174 175 178 180 181 183 184 185 188 190 191 193 194 195 197 198 199 200 203 205 206 208 209 210 212 213 214 215 217 218 219 220 221 288 290 291 293 294 295 297 298 299 300 302 303 304 305 306 308 309 310 311 312 313
166 167 168 169 170 171 172 173 174 175 176 177 178 179 180 181 182 183 184 185 222 223 224 225 226 227 228 229 230 231 232 233 234 235 236 286 287 288 289 290 291 292 293 294 295 296 297 298 299 300 314 315 316 317 318 319
166 167 168 169 170 171 172 173 174 175 186 187 188 189 190 191 192 193 194 195 222 223 224 225 226 227 228 229 230 231 237 238 239 240 241 286 287 288 289 290 291 292 293 294 295 301 302 303 304 305 314 315 316 317 318 320
166 167 168 169 176 177 178 179 180 181 186 187 188 189 190 191 196 197 198 199 222 223 224 225 226 227 232 233 234 235 237 238 239 240 242 286 287 288 289 290 291 296 297 298 299 301 302 303 304 306 314 315 316 317 319 320
166 170 171 172 176 177 178 182 183 184 186 187 188 192 193 194 196 197 198 200 222 223 224 228 229 230 232 233 234 236 237 238 239 241 242 286 287 288 292 293 294 296 297 298 300 301 302 303 305 306 314 315 316 318 319 320
167 170 173 174 176 179 180 182 183 185 186 189 190 192 193 195 196 197 199 200 222 225 226 228 229 231 232 233 235 236 237 238 240 241 242 286 289 290 292 293 295 296 297 299 300 301 302 304 305 306 314 315 317 318 319 320
168 171 173 175 177 179 181 182 184 185 187 189 191 192 194 195 196 198 199 200 223 225 227 228 230 231 232 234 235 236 237 239 240 241 242 287 289 291 292 294 295 296 298 299 300 301 303 304 305 306 314 316 317 318 319 320
169 172 174 175 178 180 181 183 184 185 188 190 191 193 194 195 197 198 199 200 224 226 227 229 230 231 233 234 235 236 238 239 240 241 242 288 290 291 293 294 295 297 298 299 300 302 303 304 305 306 315 316 317 318 319 320
166 167 168 169 170 171 172 173 174 175 201 202 203 204 205 206 207 208 209 210 222 223 224 225 226 227 228 229 230 231 243 244 245 246 247 286 287 288 289 290 291 292 293 294 295 307 308 309 310 311 314 315 316 317 318 321
166 167 168 169 176 177 178 179 180 181 201 202 203 204 205 206 211 212 213 214 222 223 224 225 226 227 232 233 234 235 243 244 245 246 248 286 287 288 289 290 291 296 297 298 299 307 308 309 310 312 314 315 316 317 319 321
166 170 171 172 176 177 178 182 183 184 201 202 203 207 208 209 211 212 213 215 222 223 224 228 229 230 232 233 234 236 243 244 245 247 248 286 287 288 292 293 294 296 297 298 300 307 308 309 311 312 314 315 316 318 319 321
167 170 173 174 176 179 180 182 183 185 201 204 205 207 208 210 211 212 214 215 222 225 226 228 229 231 232 233 235 236 243 244 246 247 248 286 289 290 292 293 295 296 297 299 300 307 308 310 311 312 314 315 317 318 319 321
168 171 173 175 177 179 181 182 184 185 202 204 206 207 209 210 211 213 214 215 223 225 227 228 230 231 232 234 235 236 243 245 246 247 248 287 289 291 292 294 295 296 298 299 300 307 309 310 311 312 314 316 317 318 319 321
169 172 174 175 178 180 181 183 184 185 203 205 206 208 209 210 212 213 214 215 224 226 227 229 230 231 233 234 235 236 244 245 246 247 248 288 290 291 293 294 295 297 298 299 300 308 309 310 311 312 315 316 317 318 319 321
166 167 168 169 186 187 188 189 190 191 201 202 203 204 205 206 216 217 218 219 222 223 224 225 226 227 237 238 239 240 243 244 245 246 249 286 287 288 289 290 291 301 302 303 304 307 308 309 310 313 314 315 316 317 320 321
166 170 171 172 186 187 188 192 193 194 201 202 203 207 208 209 216 217 218 220 222 223 224 228 229 230 237 238 239 241 243 244 245 247 249 286 287 288 292 293 294 301 302 303 305 307 308 309 311 313 314 315 316 318 320 321
167 170 173 174 186 189 190 192 193 195 201 204 205 207 208 210 216 217 219 220 222 225 226 228 229 231 237 238 240 241 243 244 246 247 249 286 289 290 292 293 295 301 302 304 305 307 308 310 311 313 314 315 317 318 320 321
168 171 173 175 187 189 191 192 194 195 202 204 206 207 209 210 216 218 219 220 223 225 227 228 230 231 237 239 240 241 243 245 246 247 249 287 289 291 292 294 295 301 303 304 305 307 309 310 311 313 314 316 317 318 320 321
169 172 174 175 188 190 191 193 194 195 203 205 206 208 209 210 217 218 219 220 224 226 227 229 230 231 238 239 240 241 244 245 246 247 249 288 290 291 293 294 295 302 303 304 305 308 309 310 311 313 315 316 317 318 320 321
166 176 177 178 186 187 188 196 197 198 201 202 203 211 212 213 216 217 218 221 222 223 224 232 233 234 237 238 239 242 243 244 245 248 249 286 287 288 296 297 298 301 302 303 306 307 308 309 312 313 314 315 316 319 320 321
167 176 179 180 186 189 190 196 197 199 201 204 205 211 212 214 216 217 219 221 222 225 226 232 233 235 237 238 240 242 243 244 246 248 249 286 289 290 296 297 299 301 302 304 306 307 308 310 312 313 314 315 317 319 320 321
168 177 179 181 187 189 191 196 198 199 202 204 206 211 213 214 216 218 219 221 223 225 227 232 234 235 237 239 240 242 243 245 246 248 249 287 289 291 296 298 299 301 303 304 306 307 309 310 312 313 314 316 317 319 320 321
169 178 180 181 188 190 191 197 198 199 203 205 206 212 213 214 217 218 219 221 224 226 227 233 234 235 238 239 240 242 244 245 246 248 249 288 290 291 297 298 299 302 303 304 306 308 309 310 312 313 315 316 317 319 320 321
170 176 182 183 186 192 193 196 197 200 201 207 208 211 212 215 216 217 220 221 222 228 229 232 233 236 237 238 241 242 243 244 247 248 249 286 292 293 296 297 300 301 302 305 306 307 308 311 312 313 314 315 318 319 320 321
171 177 182 184 187 192 194 196 198 200 202 207 209 211 213 215 216 218 220 221 223 228 230 232 234 236 237 239 241 242 243 245 247 248 249 287 292 294 296 298 300 301 303 305 306 307 309 311 312 313 314 316 318 319 320 321
172 178 183 184 188 193 194 197 198 200 203 208 209 212 213 215 217 218 220 221 224 229 230 233 234 236 238 239 241 242 244 245 247 248 249 288 293 294 297 298 300 302 303 305 306 308 309 311 312 313 315 316 318 319 320 321
173 179 182 185 189 192 195 196 199 200 204 207 210 211 214 215 216 219 220 221 225 228 231 232 235 236 237 240 241 242 243 246 247 248 249 289 292 295 296 299 300 301 304 305 306 307 310 311 312 313 314 317 318 319 320 321
174 180 183 185 190 193 195 197 199 200 205 208 210 212 214 215 217 219 220 221 226 229 231 233 235 236 238 240 241 242 244 246 247 248 249 290 293 295 297 299 300 302 304 305 306 308 310 311 312 313 315 317 318 319 320 321
175 181 184 185 191 194 195 198 199 200 206 209 210 213 214 215 218 219 220 221 227 230 231 234 235 236 239 240 241 242 245 246 247 248 249 291 294 295 298 299 300 303 304 305 306 309 310 311 312 313 316 317 318 319 320 321
166 167 168 169 170 171 172 173 174 175 176 177 178 179 180 181 182 183 184 185 250 251 252 253 254 255 256 257 258 259 260 261 262 263 264 286 287 288 289 290 291 292 293 294 295 296 297 298 299 300 322 323 324 325 326 327
166 167 168 169 170 171 172 173 174 175 186 187 188 189 190 191 192 193 194 195 250 251 252 253 254 255 256 257 258 259 265 266 267 268 269 286 287 288 289 290 291 292 293 294 295 301 302 303 304 305 322 323 324 325 326 328
166 167 168 169 176 177 178 179 180 181 186 187 188 189 190 191 196 197 198 199 250 251 252 253 254 255 260 261 262 263 265 266 267 268 270 286 287 288 289 290 291 296 297 298 299 301 302 303 304 306 322 323 324 325 327 328
166 170 171 172 176 177 178 182 183 184 186 187 188 192 193 194 196 197 198 200 250 251 252 256 257 258 260 261 262 264 265 266 267 269 270 286 287 288 292 293 294 296 297 298 300 301 302 303 305 306 322 323 324 326 327 328
167 170 173 174 176 179 180 182 183 185 186 189 190 192 193 195 196 197 199 200 250 253 254 256 257 259 260 261 263 264 265 266 268 269 270 286 289 290 292 293 295 296 297 299 300 301 302 304 305 306 322 323 325 326 327 328
168 171 173 175 177 179 181 182 184 185 187 189 191 192 194 195 196 198 199 200 251 253 255 256 258 259 260 262 263 264 265 267 268 269 270 287 289 291 292 294 295 296 298 299 300 301 303 304 305 306 322 324 325 326 327 328
169 172 174 175 178 180 181 183 184 185 188 190 191 193 194 195 197 198 199 200 252 254 255 257 258 259 261 262 263 264 266 267 268 269 270 288 290 291 293 294 295 297 298 299 300 302 303 304 305 306 323 324 325 326 327 328
166 167 168 169 170 171 172 173 174 175 201 202 203 204 205 206 207 208 209 210 250 251 252 253 254 255 256 257 258 259 271 272 273 274 275 286 287 288 289 290 291 292 293 294 295 307 308 309 310 311 322 323 324 325 326 329
166 167 168 169 176 177 178 179 180 181 201 202 203 204 205 206 211 212 213 214 250 251 252 253 254 255 260 261 262 263 271 272 273 274 276 286 287 288 289 290 291 296 297 298 299 307 308 309 310 312 322 323 324 325 327 329
166 170 171 172 176 177 178 182 183 184 201 202 203 207 208 209 211 212 213 215 250 251 252 256 257 258 260 261 262 264 271 272 273 275 276 286 287 288 292 293 294 296 297 298 300 307 308 309 311 312 322 323 324 326 327 329
167 170 173 174 176 179 180 182 183 185 201 204 205 207 208 210 211 212 214 215 250 253 254 256 257 259 260 261 263 264 271 272 274 275 276 286 289 290 292 293 295 296 297 299 300 307 308 310 311 312 322 323 325 326 327 329
168 171 173 175 177 179 181 182 184 185 202 204 206 207 209 210 211 213 214 215 251 253 255 256 258 259 260 262 263 264 271 273 274 275 276 287 289 291 292 294 295 296 298 299 300 307 309 310 311 312 322 324 325 326 327 329
169 172 174 175 178 180 181 183 184 185 203 205 206 208 209 210 212 213 214 215 252 254 255 257 258 259 261 262 263 264 272 273 274 275 276 288 290 291 293 294 295 297 298 299 300 308 309 310 311 312 323 324 325 326 327 329
166 167 168 169 186 187 188 189 190 191 201 202 203 204 205 206 216 217 218 219 250 251 252 253 254 255 265 266 267 268 271 272 273 274 277 286 287 288 289 290 291 301 302 303 304 307 308 309 310 313 322 323 324 325 328 329
166 170 171 172 186 187 188 192 193 194 201 202 203 207 208 209 216 217 218 220 250 251 252 256 257 258 265 266 267 269 271 272 273 275 277 286 287 288 292 293 294 301 302 303 305 307 308 309 311 313 322 323 324 326 328 329
167 170 173 174 186 189 190 192 193 195 201 204 205 207 208 210 216 217 219 220 250 253 254 256 257 259 265 266 268 269 271 272 274 275 277 286 289 290 292 293 295 301 302 304 305 307 308 310 311 313 322 323 325 326 328 329
168 171 173 175 187 189 191 192 194 195 202 204 206 207 209 210 216 218 219 220 251 253 255 256 258 259 265 267 268 269 271 273 274 275 277 287 289 291 292 294 295 301 303 304 305 307 309 310 311 313 322 324 325 326 328 329
169 172 174 175 188 190 191 193 194 195 203 205 206 208 209 210 217 218 219 220 252 254 255 257 258 259 266 267 268 269 272 273 274 275 277 288 290 291 293 294 295 302 303 304 305 308 309 310 311 313 323 324 325 326 328 329
166 176 177 178 186 187 188 196 197 198 201 202 203 211 212 213 216 217 218 221 250 251 252 260 261 262 265 266 267 270 271 272 273 276 277 286 287 288 296 297 298 301 302 303 306 307 308 309 312 313 322 323 324 327 328 329
167 176 179 180 186 189 190 196 197 199 201 204 205 211 212 214 216 217 219 221 250 253 254 260 261 263 265 266 268 270 271 272 274 276 277 286 289 290 296 297 299 301 302 304 306 307 308 310 312 313 322 323 325 327 328 329
168 177 179 181 187 189 191 196 198 199 202 204 206 211 213 214 216 218 219 221 251 253 255 260 262 263 265 267 268 270 271 273 274 276 277 287 289 291 296 298 299 301 303 304 306 307 309 310 312 313 322 324 325 327 328 329
169 178 180 181 188 190 191 197 198 199 203 205 206 212 213 214 217 218 219 221 252 254 255 261 262 263 266 267 268 270 272 273 274 276 277 288 290 291 297 298 299 302 303 304 306 308 309 310 312 313 323 324 325 327 328 329
170 176 182 183 186 192 193 196 197 200 201 207 208 211 212 215 216 217 220 221 250 256 257 260 261 264 265 266 269 270 271 272 275 276 277 286 292 293 296 297 300 301 302 305 306 307 308 311 312 313 322 323 326 327 328 329
171 177 182 184 187 192 194 196 198 200 202 207 209 211 213 215 216 218 220 221 251 256 258 260 262 264 265 267 269 270 271 273 275 276 277 287 292 294 296 298 300 301 303 305 306 307 309 311 312 313 322 324 326 327 328 329
172 178 183 184 188 193 194 197 198 200 203 208 209 212 213 215 217 218 220 221 252 257 258 261 262 264 266 267 269 270 272 273 275 276 277 288 293 294 297 298 300 302 303 305 306 308 309 311 312 313 323 324 326 327 328 329
173 179 182 185 189 192 195 196 199 200 204 207 210 211 214 215 216 219 220 221 253 256 259 260 263 264 265 268 269 270 271 274 275 276 277 289 292 295 296 299 300 301 304 305 306 307 310 311 312 313 322 325 326 327 328 329
174 180 183 185 190 193 195 197 199 200 205 208 210 212 214 215 217 219 220 221 254 257 259 261 263 264 266 268 269 270 272 274 275 276 277 290 293 295 297 299 300 302 304 305 306 308 310 311 312 313 323 325 326 327 328 329
175 181 184 185 191 194 195 198 199 200 206 209 210 213 214 215 218 219 220 221 255 258 259 262 263 264 267 268 269 270 273 274 275 276 277 291 294 295 298 299 300 303 304 305 306 309 310 311 312 313 324 325 326 327 328 329
166 167 168 169 170 171 172 173 174 175 222 223 224 225 226 227 228 229 230 231 250 251 252 253 254 255 256 257 258 259 278 279 280 281 282 286 287 288 289 290 291 292 293 294 295 314 315 316 317 318 322 323 324 325 326 330
166 167 168 169 176 177 178 179 180 181 222 223 224 225 226 227 232 233 234 235 250 251 252 253 254 255 260 261 262 263 278 279 280 281 283 286 287 288 289 290 291 296 297 298 299 314 315 316 317 319 322 323 324 325 327 330
166 170 171 172 176 177 178 182 183 184 222 223 224 228 229 230 232 233 234 236 250 251 252 256 257 258 260 261 262 264 278 279 280 282 283 286 287 288 292 293 294 296 297 298 300 314 315 316 318 319 322 323 324 326 327 330
167 170 173 174 176 179 180 182 183 185 222 225 226 228 229 231 232 233 235 236 250 253 254 256 257 259 260 261 263 264 278 279 281 282 283 286 289 290 292 293 295 296 297 299 300 314 315 317 318 319 322 323 325 326 327 330
168 171 173 175 177 179 181 182 184 185 223 225 227 228 230 231 232 234 235 236 251 253 255 256 258 259 260 262 263 264 278 280 281 282 283 287 289 291 292 294 295 296 298 299 300 314 316 317 318 319 322 324 325 326 327 330
169 172 174 175 178 180 181 183 184 185 224 226 227 229 230 231 233 234 235 236 252 254 255 257 258 259 261 262 263 264 279 280 281 282 283 288 290 291 293 294 295 297 298 299 300 315 316 317 318 319 323 324 325 326 327 330
166 167 168 169 186 187 188 189 190 191 222 223 224 225 226 227 237 238 239 240 250 251 252 253 254 255 265 266 267 268 278 279 280 281 284 286 287 288 289 290 291 301 302 303 304 314 315 316 317 320 322 323 324 325 328 330
166 170 171 172 186 187 188 192 193 194 222 223 224 228 229 230 237 238 239 241 250 251 252 256 257 258 265 266 267 269 278 279 280 282 284 286 287 288 292 293 294 301 302 303 305 314 315 316 318 320 322 323 324 326 328 330
167 170 173 174 186 189 190 192 193 195 222 225 226 228 229 231 237 238 240 241 250 253 254 256 257 259 265 266 268 269 278 279 281 282 284 286 289 290 292 293 295 301 302 304 305 314 315 317 318 320 322 323 325 326 328 330
168 171 173 175 187 189 191 192 194 195 223 225 227 228 230 231 237 239 240 241 251 253 255 256 258 259 265 267 268 269 278 280 281 282 284 287 289 291 292 294 295 301 303 304 305 314 316 317 318 320 322 324 325 326 328 330
169 172 174 175 188 190 191 193 194 195 224 226 227 229 230 231 238 239 240 241 252 254 255 257 258 259 266 267 268 269 279 280 281 282 284 288 290 291 293 294 295 302 303 304 305 315 316 317 318 320 323 324 325 326 328 330
166 176 177 178 186 187 188 196 197 198 222 223 224 232 233 234 237 238 239 242 250 251 252 260 261 262 265 266 267 270 278 279 280 283 284 286 287 288 296 297 298 301 302 303 306 314 315 316 319 320 322 323 324 327 328 330
167 176 179 180 186 189 190 196 197 199 222 225 226 232 233 235 237 238 240 242 250 253 254 260 261 263 265 266 268 270 278 279 281 283 284 286 289 290 296 297 299 301 302 304 306 314 315 317 319 320 322 323 325 327 328 330
168 177 179 181 187 189 191 196 198 199 223 225 227 232 234 235 237 239 240 242 251 253 255 260 262 263 265 267 268 270 278 280 281 283 284 287 289 291 296 298 299 301 303 304 306 314 316 317 319 320 322 324 325 327 328 330
169 178 180 181 188 190 191 197 198 199 224 226 227 233 234 235 238 239 240 242 252 254 255 261 262 263 266 267 268 270 279 280 281 283 284 288 290 291 297 298 299 302 303 304 306 315 316 317 319 320 323 324 325 327 328 330
170 176 182 183 186 192 193 196 197 200 222 228 229 232 233 236 237 238 241 242 250 256 257 260 261 264 265 266 269 270 278 279 282 283 284 286 292 293 296 297 300 301 302 305 306 314 315 318 319 320 322 323 326 327 328 330
171 177 182 184 187 192 194 196 198 200 223 228 230 232 234 236 237 239 241 242 251 256 258 260 262 264 265 267 269 270 278 280 282 283 284 287 292 294 296 298 300 301 303 305 306 314 316 318 319 320 322 324 326 327 328 330
172 178 183 184 188 193 194 197 198 200 224 229 230 233 234 236 238 239 241 242 252 257 258 261 262 264 266 267 269 270 279 280 282 283 284 288 293 294 297 298 300 302 303 305 306 315 316 318 319 320 323 324 326 327 328 330
173 179 182 185 189 192 195 196 199 200 225 228 231 232 235 236 237 240 241 242 253 256 259 260 263 264 265 268 269 270 278 281 282 283 284 289 292 295 296 299 300 301 304 305 306 314 317 318 319 320 322 325 326 327 328 330
174 180 183 185 190 193 195 197 199 200 226 229 231 233 235 236 238 240 241 242 254 257 259 261 263 264 266 268 269 270 279 281 282 283 284 290 293 295 297 299 300 302 304 305 306 315 317 318 319 320 323 325 326 327 328 330
175 181 184 185 191 194 195 198 199 200 227 230 231 234 235 236 239 240 241 242 255 258 259 262 263 264 267 268 269 270 280 281 282 283 284 291 294 295 298 299 300 303 304 305 306 316 317 318 319 320 324 325 326 327 328 330
166 167 168 169 201 202 203 204 205 206 222 223 224 225 226 227 243 244 245 246 250 251 252 253 254 255 271 272 273 274 278 279 280 281 285 286 287 288 289 290 291 307 308 309 310 314 315 316 317 321 322 323 324 325 329 330
166 170 171 172 201 202 203 207 208 209 222 223 224 228 229 230 243 244 245 247 250 251 252 256 257 258 271 272 273 275 278 279 280 282 285 286 287 288 292 293 294 307 308 309 311 314 315 316 318 321 322 323 324 326 329 330
167 170 173 174 201 204 205 207 208 210 222 225 226 228 229 231 243 244 246 247 250 253 254 256 257 259 271 272 274 275 278 279 281 282 285 286 289 290 292 293 295 307 308 310 311 314 315 317 318 321 322 323 325 326 329 330
168 171 173 175 202 204 206 207 209 210 223 225 227 228 230 231 243 245 246 247 251 253 255 256 258 259 271 273 274 275 278 280 281 282 285 287 289 291 292 294 295 307 309 310 311 314 316 317 318 321 322 324 325 326 329 330
169 172 174 175 203 205 206 208 209 210 224 226 227 229 230 231 244 245 246 247 252 254 255 257 258 259 272 273 274 275 279 280 281 282 285 288 290 291 293 294 295 308 309 310 311 315 316 317 318 321 323 324 325 326 329 330
166 176 177 178 201 202 203 211 212 213 222 223 224 232 233 234 243 244 245 248 250 251 252 260 261 262 271 272 273 276 278 279 280 283 285 286 287 288 296 297 298 307 308 309 312 314 315 316 319 321 322 323 324 327 329 330
167 176 179 180 201 204 205 211 212 214 222 225 226 232 233 235 243 244 246 248 250 253 254 260 261 263 271 272 274 276 278 279 281 283 285 286 289 290 296 297 299 307 308 310 312 314 315 317 319 321 322 323 325 327 329 330
168 177 179 181 202 204 206 211 213 214 223 225 227 232 234 235 243 245 246 248 251 253 255 260 262 263 271 273 274 276 278 280 281 283 285 287 289 291 296 298 299 307 309 310 312 314 316 317 319 321 322 324 325 327 329 330
169 178 180 181 203 205 206 212 213 214 224 226 227 233 234 235 244 245 246 248 252 254 255 261 262 263 272 273 274 276 279 280 281 283 285 288 290 291 297 298 299 308 309 310 312 315 316 317 319 321 323 324 325 327 329 330
170 176 182 183 201 207 208 211 212 215 222 228 229 232 233 236 243 244 247 248 250 256 257 260 261 264 271 272 275 276 278 279 282 283 285 286 292 293 296 297 300 307 308 311 312 314 315 318 319 321 322 323 326 327 329 330
171 177 182 184 202 207 209 211 213 215 223 228 230 232 234 236 243 245 247 248 251 256 258 260 262 264 271 273 275 276 278 280 282 283 285 287 292 294 296 298 300 307 309 311 312 314 316 318 319 321 322 324 326 327 329 330
172 178 183 184 203 208 209 212 213 215 224 229 230 233 234 236 244 245 247 248 252 257 258 261 262 264 272 273 275 276 279 280 282 283 285 288 293 294 297 298 300 308 309 311 312 315 316 318 319 321 323 324 326 327 329 330
173 179 182 185 204 207 210 211 214 215 225 228 231 232 235 236 243 246 247 248 253 256 259 260 263 264 271 274 275 276 278 281 282 283 285 289 292 295 296 299 300 307 310 311 312 314 317 318 319 321 322 325 326 327 329 330
174 180 183 185 205 208 210 212 214 215 226 229 231 233 235 236 244 246 247 248 254 257 259 261 263 264 272 274 275 276 279 281 282 283 285 290 293 295 297 299 300 308 310 311 312 315 317 318 319 321 323 325 326 327 329 330
175 181 184 185 206 209 210 213 214 215 227 230 231 234 235 236 245 246 247 248 255 258 259 262 263 264 273 274 275 276 280 281 282 283 285 291 294 295 298 299 300 309 310 311 312 316 317 318 319 321 324 325 326 327 329 330
166 186 187 188 201 202 203 216 217 218 222 223 224 237 238 239 243 244 245 249 250 251 252 265 266 267 271 272 273 277 278 279 280 284 285 286 287 288 301 302 303 307 308 309 313 314 315 316 320 321 322 323 324 328 329 330
167 186 189 190 201 204 205 216 217 219 222 225 226 237 238 240 243 244 246 249 250 253 254 265 266 268 271 272 274 277 278 279 281 284 285 286 289 290 301 302 304 307 308 310 313 314 315 317 320 321 322 323 325 328 329 330
168 187 189 191 202 204 206 216 218 219 223 225 227 237 239 240 243 245 246 249 251 253 255 265 267 268 271 273 274 277 278 280 281 284 285 287 289 291 301 303 304 307 309 310 313 314 316 317 320 321 322 324 325 328 329 330
169 188 190 191 203 205 206 217 218 219 224 226 227 238 239 240 244 245 246 249 252 254 255 266 267 268 272 273 274 277 279 280 281 284 285 288 290 291 302 303 304 308 309 310 313 315 316 317 320 321 323 324 325 328 329 330
170 186 192 193 201 207 208 216 217 220 222 228 229 237 238 241 243 244 247 249 250 256 257 265 266 269 271 272 275 277 278 279 282 284 285 286 292 293 301 302 305 307 308 311 313 314 315 318 320 321 322 323 326 328 329 330
171 187 192 194 202 207 209 216 218 220 223 228 230 237 239 241 243 245 247 249 251 256 258 265 267 269 271 273 275 277 278 280 282 284 285 287 292 294 301 303 305 307 309 311 313 314 316 318 320 321 322 324 326 328 329 330
172 188 193 194 203 208 209 217 218 220 224 229 230 238 239 241 244 245 247 249 252 257 258 266 267 269 272 273 275 277 279 280 282 284 285 288 293 294 302 303 305 308 309 311 313 315 316 318 320 321 323 324 326 328 329 330
173 189 192 195 204 207 210 216 219 220 225 228 231 237 240 241 243 246 247 249 253 256 259 265 268 269 271 274 275 277 278 281 282 284 285 289 292 295 301 304 305 307 310 311 313 314 317 318 320 321 322 325 326 328 329 330
174 190 193 195 205 208 210 217 219 220 226 229 231 238 240 241 244 246 247 249 254 257 259 266 268 269 272 274 275 277 279 281 282 284 285 290 293 295 302 304 305 308 310 311 313 315 317 318 320 321 323 325 326 328 329 330
175 191 194 195 206 209 210 218 219 220 227 230 231 239 240 241 245 246 247 249 255 258 259 267 268 269 273 274 275 277 280 281 282 284 285 291 294 295 303 304 305 309 310 311 313 316 317 318 320 321 324 325 326 328 329 330
176 186 196 197 201 211 212 216 217 221 222 232 233 237 238 242 243 244 248 249 250 260 261 265 266 270 271 272 276 277 278 279 283 284 285 286 296 297 301 302 306 307 308 312 313 314 315 319 320 321 322 323 327 328 329 330
177 187 196 198 202 211 213 216 218 221 223 232 234 237 239 242 243 245 248 249 251 260 262 265 267 270 271 273 276 277 278 280 283 284 285 287 296 298 301 303 306 307 309 312 313 314 316 319 320 321 322 324 327 328 329 330
178 188 197 198 203 212 213 217 218 221 224 233 234 238 239 242 244 245 248 249 252 261 262 266 267 270 272 273 276 277 279 280 283 284 285 288 297 298 302 303 306 308 309 312 313 315 316 319 320 321 323 324 327 328 329 330
179 189 196 199 204 211 214 216 219 221 225 232 235 237 240 242 243 246 248 249 253 260 263 265 268 270 271 274 276 277 278 281 283 284 285 289 296 299 301 304 306 307 310 312 313 314 317 319 320 321 322 325 327 328 329 330
180 190 197 199 205 212 214 217 219 221 226 233 235 238 240 242 244 246 248 249 254 261 263 266 268 270 272 274 276 277 279 281 283 284 285 290 297 299 302 304 306 308 310 312 313 315 317 319 320 321 323 325 327 328 329 330
181 191 198 199 206 213 214 218 219 221 227 234 235 239 240 242 245 246 248 249 255 262 263 267 268 270 273 274 276 277 280 281 283 284 285 291 298 299 303 304 306 309 310 312 313 316 317 319 320 321 324 325 327 328 329 330
182 192 196 200 207 211 215 216 220 221 228 232 236 237 241 242 243 247 248 249 256 260 264 265 269 270 271 275 276 277 278 282 283 284 285 292 296 300 301 305 306 307 311 312 313 314 318 319 320 321 322 326 327 328 329 330
183 193 197 200 208 212 215 217 220 221 229 233 236 238 241 242 244 247 248 249 257 261 264 266 269 270 272 275 276 277 279 282 283 284 285 293 297 300 302 305 306 308 311 312 313 315 318 319 320 321 323 326 327 328 329 330
184 194 198 200 209 213 215 218 220 221 230 234 236 239 241 242 245 247 248 249 258 262 264 267 269 270 273 275 276 277 280 282 283 284 285 294 298 300 303 305 306 309 311 312 313 316 318 319 320 321 324 326 327 328 329 330
185 195 199 200 210 214 215 219 220 221 231 235 236 240 241 242 246 247 248 249 259 263 264 268 269 270 274 275 276 277 281 282 283 284 285 295 299 300 304 305 306 310 311 312 313 317 318 319 320 321 325 326 327 328 329 330
1 2 3 4 5 6 10 11 12 13 14 18 19 20 21 25 26 27 31 32 36 46 47 48 49 50 54 55 56 57 61 62 63 67 68 72 82 83 84 85 89 90 91 95 96 100 110 111 112 116 117 121 131 132 136 146
1 2 3 4 5 7 10 11 12 13 15 18 19 20 22 25 26 28 31 33 37 46 47 48 49 51 54 55 56 58 61 62 64 67 69 73 82 83 84 86 89 90 92 95 97 101 110 111 113 116 118 122 131 133 137 147
1 2 3 4 5 8 10 11 12 13 16 18 19 20 23 25 26 29 31 34 38 46 47 48 49 52 54 55 56 59 61 62 65 67 70 74 82 83 84 87 89 90 93 95 98 102 110 111 114 116 119 123 131 134 138 148
1 2 3 4 5 9 10 11 12 13 17 18 19 20 24 25 26 30 31 35 39 46 47 48 49 53 54 55 56 60 61 62 66 67 71 75 82 83 84 88 89 90 94 95 99 103 110 111 115 116 120 124 131 135 139 149
1 2 3 4 6 7 10 11 12 14 15 18 19 21 22 25 27 28 32 33 40 46 47 48 50 51 54 55 57 58 61 63 64 68 69 76 82 83 85 86 89 91 92 96 97 104 110 112 113 117 118 125 132 133 140 150
1 2 3 4 6 8 10 11 12 14 16 18 19 21 23 25 27 29 32 34 41 46 47 48 50 52 54 55 57 59 61 63 65 68 70 77 82 83 85 87 89 91 93 96 98 105 110 112 114 117 119 126 132 134 141 151
1 2 3 4 6 9 10 11 12 14 17 18 19 21 24 25 27 30 32 35 42 46 47 48 50 53 54 55 57 60 61 63 66 68 71 78 82 83 85 88 89 91 94 96 99 106 110 112 115 117 120 127 132 135 142 152
1 2 3 4 7 8 10 11 12 15 16 18 19 22 23 25 28 29 33 34 43 46 47 48 51 52 54 55 58 59 61 64 65 69 70 79 82 83 86 87 89 92 93 97 98 107 110 113 114 118 119 128 133 134 143 153
1 2 3 4 7 9 10 11 12 15 17 18 19 22 24 25 28 30 33 35 44 46 47 48 51 53 54 55 58 60 61 64 66 69 71 80 82 83 86 88 89 92 94 97 99 108 110 113 115 118 120 129 133 135 144 154
1 2 3 4 8 9 10 11 12 16 17 18 19 23 24 25 29 30 34 35 45 46 47 48 52 53 54 55 59 60 61 65 66 70 71 81 82 83 87 88 89 93 94 98 99 109 110 114 115 119 120 130 134 135 145 155
1 2 3 5 6 7 10 11 13 14 15 18 20 21 22 26 27 28 36 37 40 46 47 49 50 51 54 56 57 58 62 63 64 72 73 76 82 84 85 86 90 91 92 100 101 104 111 112 113 121 122 125 136 137 140 156
1 2 3 5 6 8 10 11 13 14 16 18 20 21 23 26 27 29 36 38 41 46 47 49 50 52 54 56 57 59 62 63 65 72 74 77 82 84 85 87 90 91 93 100 102 105 111 112 114 121 123 126 136 138 141 157
1 2 3 5 6 9 10 11 13 14 17 18 20 21 24 26 27 30 36 39 42 46 47 49 50 53 54 56 57 60 62 63 66 72 75 78 82 84 85 88 90 91 94 100 103 106 111 112 115 121 124 127 136 139 142 158
1 2 3 5 7 8 10 11 13 15 16 18 20 22 23 26 28 29 37 38 43 46 47 49 51 52 54 56 58 59 62 64 65 73 74 79 82 84 86 87 90 92 93 101 102 107 111 113 114 122 123 128 137 138 143 159
1 2 3 5 7 9 10 11 13 15 17 18 20 22 24 26 28 30 37 39 44 46 47 49 51 53 54 56 58 60 62 64 66 73 75 80 82 84 86 88 90 92 94 101 103 108 111 113 115 122 124 129 137 139 144 160
1 2 3 5 8 9 10 11 13 16 17 18 20 23 24 26 29 30 38 39 45 46 47 49 52 53 54 56 59 60 62 65 66 74 75 81 82 84 87 88 90 93 94 102 103 109 111 114 115 123 124 130 138 139 145 161
1 2 3 6 7 8 10 11 14 15 16 18 21 22 23 27 28 29 40 41 43 46 47 50 51 52 54 57 58 59 63 64 65 76 77 79 82 85 86 87 91 92 93 104 105 107 112 113 114 125 126 128 140 141 143 162
1 2 3 6 7 9 10 11 14 15 17 18 21 22 24 27 28 30 40 42 44 46 47 50 51 53 54 57 58 60 63 64 66 76 78 80 82 85 86 88 91 92 94 104 106 108 112 113 115 125 127 129 140 142 144 163
1 2 3 6 8 9 10 11 14 16 17 18 21 23 24 27 29 30 41 42 45 46 47 50 52 53 54 57 59 60 63 65 66 77 78 81 82 85 87 88 91 93 94 105 106 109 112 114 115 126 127 130 141 142 145 164
1 2 3 7 8 9 10 11 15 16 17 18 22 23 24 28 29 30 43 44 45 46 47 51 52 53 54 58 59 60 64 65 66 79 80 81 82 86 87 88 92 93 94 107 108 109 113 114 115 128 129 130 143 144 145 165
1 2 4 5 6 7 10 12 13 14 15 19 20 21 22 31 32 33 36 37 40 46 48 49 50 51 55 56 57 58 67 68 69 72 73 76 83 84 85 86 95 96 97 100 101 104 116 117 118 121 122 125 146 147 150 156
1 2 4 5 6 8 10 12 13 14 16 19 20 21 23 31 32 34 36 38 41 46 48 49 50 52 55 56 57 59 67 68 70 72 74 77 83 84 85 87 95 96 98 100 102 105 116 117 119 121 123 126 146 148 151 157
1 2 4 5 6 9 10 12 13 14 17 19 20 21 24 31 32 35 36 39 42 46 48 49 50 53 55 56 57 60 67 68 71 72 75 78 83 84 85 88 95 96 99 100 103 106 116 117 120 121 124 127 146 149 152 158
1 2 4 5 7 8 10 12 13 15 16 19 20 22 23 31 33 34 37 38 43 46 48 49 51 52 55 56 58 59 67 69 70 73 74 79 83 84 86 87 95 97 98 101 102 107 116 118 119 122 123 128 147 148 153 159
1 2 4 5 7 9 10 12 13 15 17 19 20 22 24 31 33 35 37 39 44 46 48 49 51 53 55 56 58 60 67 69 71 73 75 80 83 84 86 88 95 97 99 101 103 108 116 118 120 122 124 129 147 149 154 160
1 2 4 5 8 9 10 12 13 16 17 19 20 23 24 31 34 35 38 39 45 46 48 49 52 53 55 56 59 60 67 70 71 74 75 81 83 84 87 88 95 98 99 102 103 109 116 119 120 123 124 130 148 149 155 161
1 2 4 6 7 8 10 12 14 15 16 19 21 22 23 32 33 34 40 41 43 46 48 50 51 52 55 57 58 59 68 69 70 76 77 79 83 85 86 87 96 97 98 104 105 107 117 118 119 125 126 128 150 151 153 162
1 2 4 6 7 9 10 12 14 15 17 19 21 22 24 32 33 35 40 42 44 46 48 50 51 53 55 57 58 60 68 69 71 76 78 80 83 85 86 88 96 97 99 104 106 108 117 118 120 125 127 129 150 152 154 163
1 2 4 6 8 9 10 12 14 16 17 19 21 23 24 32 34 35 41 42 45 46 48 50 52 53 55 57 59 60 68 70 71 77 78 81 83 85 87 88 96 98 99 105 106 109 117 119 120 126 127 130 151 152 155 164
1 2 4 7 8 9 10 12 15 16 17 19 22 23 24 33 34 35 43 44 45 46 48 51 52 53 55 58 59 60 69 70 71 79 80 81 83 86 87 88 97 98 99 107 108 109 118 119 120 128 129 130 153 154 155 165
1 2 5 6 7 8 10 13 14 15 16 20 21 22 23 36 37 38 40 41 43 46 49 50 51 52 56 57 58 59 72 73 74 76 77 79 84 85 86 87 100 101 102 104 105 107 121 122 123 125 126 128 156 157 159 162
1 2 5 6 7 9 10 13 14 15 17 20 21 22 24 36 37 39 40 42 44 46 49 50 51 53 56 57 58 60 72 73 75 76 78 80 84 85 86 88 100 101 103 104 106 108 121 122 124 125 127 129 156 158 160 163
1 2 5 6 8 9 10 13 14 16 17 20 21 23 24 36 38 39 41 42 45 46 49 50 52 53 56 57 59 60 72 74 75 77 78 81 84 85 87 88 100 102 103 105 106 109 121 123 124 126 127 130 157 158 161 164
1 2 5 7 8 9 10 13 15 16 17 20 22 23 24 37 38 39 43 44 45 46 49 51 52 53 56 58 59 60 73 74 75 79 80 81 84 86 87 88 101 102 103 107 108 109 122 123 124 128 129 130 159 160 161 165
1 2 6 7 8 9 10 14 15 16 17 21 22 23 24 40 41 42 43 44 45 46 50 51 52 53 57 58 59 60 76 77 78 79 80 81 85 86 87 88 104 105 106 107 108 109 125 126 127 128 129 130 162 163 164 165
1 3 4 5 6 7 11 12 13 14 15 25 26 27 28 31 32 33 36 37 40 47 48 49 50 51 61 62 63 64 67 68 69 72 73 76 89 90 91 92 95 96 97 100 101 104 131 132 133 136 137 140 146 147 150 156
1 3 4 5 6 8 11 12 13 14 16 25 26 27 29 31 32 34 36 38 41 47 48 49 50 52 61 62 63 65 67 68 70 72 74 77 89 90 91 93 95 96 98 100 102 105 131 132 134 136 138 141 146 148 151 157
1 3 4 5 6 9 11 12 13 14 17 25 26 27 30 31 32 35 36 39 42 47 48 49 50 53 61 62 63 66 67 68 71 72 75 78 89 90 91 94 95 96 99 100 103 106 131 132 135 136 139 142 146 149 152 158
1 3 4 5 7 8 11 12 13 15 16 25 26 28 29 31 33 34 37 38 43 47 48 49 51 52 61 62 64 65 67 69 70 73 74 79 89 90 92 93 95 97 98 101 102 107 131 133 134 137 138 143 147 148 153 159
1 3 4 5 7 9 11 12 13 15 17 25 26 28 30 31 33 35 37 39 44 47 48 49 51 53 61 62 64 66 67 69 71 73 75 80 89 90 92 94 95 97 99 101 103 108 131 133 135 137 139 144 147 149 154 160
1 3 4 5 8 9 11 12 13 16 17 25 26 29 30 31 34 35 38 39 45 47 48 49 52 53 61 62 65 66 67 70 71 74 75 81 89 90 93 94 95 98 99 102 103 109 131 134 135 138 139 145 148 149 155 161
1 3 4 6 7 8 11 12 14 15 16 25 27 28 29 32 33 34 40 41 43 47 48 50 51 52 61 63 64 65 68 69 70 76 77 79 89 91 92 93 96 97 98 104 105 107 132 133 134 140 141 143 150 151 153 162
1 3 4 6 7 9 11 12 14 15 17 25 27 28 30 32 33 35 40 42 44 47 48 50 51 53 61 63 64 66 68 69 71 76 78 80 89 91 92 94 96 97 99 104 106 108 132 133 135 140 142 144 150 152 154 163
1 3 4 6 8 9 11 12 14 16 17 25 27 29 30 32 34 35 41 42 45 47 48 50 52 53 61 63 65 66 68 70 71 77 78 81 89 91 93 94 96 98 99 105 106 109 132 134 135 141 142 145 151 152 155 164
1 3 4 7 8 9 11 12 15 16 17 25 28 29 30 33 34 35 43 44 45 47 48 51 52 53 61 64 65 66 69 70 71 79 80 81 89 92 93 94 97 98 99 107 108 109 133 134 135 143 144 145 153 154 155 165
1 3 5 6 7 8 11 13 14 15 16 26 27 28 29 36 37 38 40 41 43 47 49 50 51 52 62 63 64 65 72 73 74 76 77 79 90 91 92 93 100 101 102 104 105 107 136 137 138 140 141 143 156 157 159 162
1 3 5 6 7 9 11 13 14 15 17 26 27 28 30 36 37 39 40 42 44 47 49 50 51 53 62 63 64 66 72 73 75 76 78 80 90 91 92 94 100 101 103 104 106 108 136 137 139 140 142 144 156 158 160 163
1 3 5 6 8 9 11 13 14 16 17 26 27 29 30 36 38 39 41 42 45 47 49 50 52 53 62 63 65 66 72 74 75 77 78 81 90 91 93 94 100 102 103 105 106 109 136 138 139 141 142 145 157 158 161 164
1 3 5 7 8 9 11 13 15 16 17 26 28 29 30 37 38 39 43 44 45 47 49 51 52 53 62 64 65 66 73 74 75 79 80 81 90 92 93 94 101 102 103 107 108 109 137 138 139 143 144 145 159 160 161 165
1 3 6 7 8 9 11 14 15 16 17 27 28 29 30 40 41 42 43 44 45 47 50 51 52 53 63 64 65 66 76 77 78 79 80 81 91 92 93 94 104 105 106 107 108 109 140 141 142 143 144 145 162 163 164 165
1 4 5 6 7 8 12 13 14 15 16 31 32 33 34 36 37 38 40 41 43 48 49 50 51 52 67 68 69 70 72 73 74 76 77 79 95 96 97 98 100 101 102 104 105 107 146 147 148 150 151 153 156 157 159 162
1 4 5 6 7 9 12 13 14 15 17 31 32 33 35 36 37 39 40 42 44 48 49 50 51 53 67 68 69 71 72 73 75 76 78 80 95 96 97 99 100 101 103 104 106 108 146 147 149 150 152 154 156 158 160 163
1 4 5 6 8 9 12 13 14 16 17 31 32 34 35 36 38 39 41 42 45 48 49 50 52 53 67 68 70 71 72 74 75 77 78 81 95 96 98 99 100 102 103 105 106 109 146 148 149 151 152 155 157 158 161 164
1 4 5 7 8 9 12 13 15 16 17 31 33 34 35 37 38 39 43 44 45 48 49 51 52 53 67 69 70 71 73 74 75 79 80 81 95 97 98 99 101 102 103 107 108 109 147 148 149 153 154 155 159 160 161 165
1 4 6 7 8 9 12 14 15 16 17 32 33 34 35 40 41 42 43 44 45 48 50 51 52 53 68 69 70 71 76 77 78 79 80 81 96 97 98 99 104 105 106 107 108 109 150 151 152 153 154 155 162 163 164 165
1 5 6 7 8 9 13 14 15 16 17 36 37 38 39 40 41 42 43 44 45 49 50 51 52 53 72 73 74 75 76 77 78 79 80 81 100 101 102 103 104 105 106 107 108 109 156 157 158 159 160 161 162 163 164 165
2 3 4 5 6 7 18 19 20 21 22 25 26 27 28 31 32 33 36 37 40 54 55 56 57 58 61 62 63 64 67 68 69 72 73 76 110 111 112 113 116 117 118 121 122 125 131 132 133 136 137 140 146 147 150 156
2 3 4 5 6 8 18 19 20 21 23 25 26 27 29 31 32 34 36 38 41 54 55 56 57 59 61 62 63 65 67 68 70 72 74 77 110 111 112 114 116 117 119 121 123 126 131 132 134 136 138 141 146 148 151 157
2 3 4 5 6 9 18 19 20 21 24 25 26 27 30 31 32 35 36 39 42 54 55 56 57 60 61 62 63 66 67 68 71 72 75 78 110 111 112 115 116 117 120 121 124 127 131 132 135 136 139 142 146 149 152 158
2 3 4 5 7 8 18 19 20 22 23 25 26 28 29 31 33 34 37 38 43 54 55 56 58 59 61 62 64 65 67 69 70 73 74 79 110 111 113 114 116 118 119 122 123 128 131 133 134 137 138 143 147 148 153 159
2 3 4 5 7 9 18 19 20 22 24 25 26 28 30 31 33 35 37 39 44 54 55 56 58 60 61 62 64 66 67 69 71 73 75 80 110 111 113 115 116 118 120 122 124 129 131 133 135 137 139 144 147 149 154 160
2 3 4 5 8 9 18 19 20 23 24 25 26 29 30 31 34 35 38 39 45 54 55 56 59 60 61 62 65 66 67 70 71 74 75 81 110 111 114 115 116 119 120 123 124 130 131 134 135 138 139 145 148 149 155 161
2 3 4 6 7 8 18 19 21 22 23 25 27 28 29 32 33 34 40 41 43 54 55 57 58 59 61 63 64 65 68 69 70 76 77 79 110 112 113 114 117 118 119 125 126 128 132 133 134 140 141 143 150 151 153 162
2 3 4 6 7 9 18 19 21 22 24 25 27 28 30 32 33 35 40 42 44 54 55 57 58 60 61 63 64 66 68 69 71 76 78 80 110 112 113 115 117 118 120 125 127 129 132 133 135 140 142 144 150 152 154 163
2 3 4 6 8 9 18 19 21 23 24 25 27 29 30 32 34 35 41 42 45 54 55 57 59 60 61 63 65 66 68 70 71 77 78 81 110 112 114 115 117 119 120 126 127 130 132 134 135 141 142 145 151 152 155 164
2 3 4 7 8 9 18 19 22 23 24 25 28 29 30 33 34 35 43 44 45 54 55 58 59 60 61 64 65 66 69 70 71 79 80 81 110 113 114 115 118 119 120 128 129 130 133 134 135 143 144 145 153 154 155 165
2 3 5 6 7 8 18 20 21 22 23 26 27 28 29 36 37 38 40 41 43 54 56 57 58 59 62 63 64 65 72 73 74 76 77 79 111 112 113 114 121 122 123 125 126 128 136 137 138 140 141 143 156 157 159 162
2 3 5 6 7 9 18 20 21 22 24 26 27 28 30 36 37 39 40 42 44 54 56 57 58 60 62 63 64 66 72 73 75 76 78 80 111 112 113 115 121 122 124 125 127 129 136 137 139 140 142 144 156 158 160 163
2 3 5 6 8 9 18 20 21 23 24 26 27 29 30 36 38 39 41 42 45 54 56 57 59 60 62 63 65 66 72 74 75 77 78 81 111 112 114 115 121 123 124 126 127 130 136 138 139 141 142 145 157 158 161 164
2 3 5 7 8 9 18 20 22 23 24 26 28 29 30 37 38 39 43 44 45 54 56 58 59 60 62 64 65 66 73 74 75 79 80 81 111 113 114 115 122 123 124 128 129 130 137 138 139 143 144 145 159 160 161 165
2 3 6 7 8 9 18 21 22 23 24 27 28 29 30 40 41 42 43 44 45 54 57 58 59 60 63 64 65 66 76 77 78 79 80 81 112 113 114 115 125 126 127 128 129 130 140 141 142 143 144 145 162 163 164 165
2 4 5 6 7 8 19 20 21 22 23 31 32 33 34 36 37 38 40 41 43 55 56 57 58 59 67 68 69 70 72 73 74 76 77 79 116 117 118 119 121 122 123 125 126 128 146 147 148 150 151 153 156 157 159 162
2 4 5 6 7 9 19 20 21 22 24 31 32 33 35 36 37 39 40 42 44 55 56 57 58 60 67 68 69 71 72 73 75 76 78 80 116 117 118 120 121 122 124 125 127 129 146 147 149 150 152 154 156 158 160 163
2 4 5 6 8 9 19 20 21 23 24 31 32 34 35 36 38 39 41 42 45 55 56 57 59 60 67 68 70 71 72 74 75 77 78 81 116 117 119 120 121 123 124 126 127 130 146 148 149 151 152 155 157 158 161 164
2 4 5 7 8 9 19 20 22 23 24 31 33 34 35 37 38 39 43 44 45 55 56 58 59 60 67 69 70 71 73 74 75 79 80 81 116 118 119 120 122 123 124 128 129 130 147 148 149 153 154 155 159 160 161 165
2 4 6 7 8 9 19 21 22 23 24 32 33 34 35 40 41 42 43 44 45 55 57 58 59 60 68 69 70 71 76 77 78 79 80 81 117 118 119 120 125 126 127 128 129 130 150 151 152 153 154 155 162 163 164 165
2 5 6 7 8 9 20 21 22 23 24 36 37 38 39 40 41 42 43 44 45 56 57 58 59 60 72 73 74 75 76 77 78 79 80 81 121 122 123 124 125 126 127 128 129 130 156 157 158 159 160 161 162 163 164 165
3 4 5 6 7 8 25 26 27 28 29 31 32 33 34 36 37 38 40 41 43 61 62 63 64 65 67 68 69 70 72 73 74 76 77 79 131 132 133 134 136 137 138 140 141 143 146 147 148 150 151 153 156 157 159 162
3 4 5 6 7 9 25 26 27 28 30 31 32 33 35 36 37 39 40 42 44 61 62 63 64 66 67 68 69 71 72 73 75 76 78 80 131 132 133 135 136 137 139 140 142 144 146 147 149 150 152 154 156 158 160 163
3 4 5 6 8 9 25 26 27 29 30 31 32 34 35 36 38 39 41 42 45 61 62 63 65 66 67 68 70 71 72 74 75 77 78 81 131 132 134 135 136 138 139 141 142 145 146 148 149 151 152 155 157 158 161 164
3 4 5 7 8 9 25 26 28 29 30 31 33 34 35 37 38 39 43 44 45 61 62 64 65 66 67 69 70 71 73 74 75 79 80 81 131 133 134 135 137 138 139 143 144 145 147 148 149 153 154 155 159 160 161 165
3 4 6 7 8 9 25 27 28 29 30 32 33 34 35 40 41 42 43 44 45 61 63 64 65 66 68 69 70 71 76 77 78 79 80 81 132 133 134 135 140 141 142 143 144 145 150 151 152 153 154 155 162 163 164 165
3 5 6 7 8 9 26 27 28 29 30 36 37 38 39 40 41 42 43 44 45 62 63 64 65 66 72 73 74 75 76 77 78 79 80 81 136 137 138 139 140 141 142 143 144 145 156 157 158 159 160 161 162 163 164 165
4 5 6 7 8 9 31 32 33 34 35 36 37 38 39 40 41 42 43 44 45 67 68 69 70 71 72 73 74 75 76 77 78 79 80 81 146 147 148 149 150 151 152 153 154 155 156 157 158 159 160 161 162 163 164 165
10 11 12 13 14 15 18 19 20 21 22 25 26 27 28 31 32 33 36 37 40 82 83 84 85 86 89 90 91 92 95 96 97 100 101 104 110 111 112 113 116 117 118 121 122 125 131 132 133 136 137 140 146 147 150 156
10 11 12 13 14 16 18 19 20 21 23 25 26 27 29 31 32 34 36 38 41 82 83 84 85 87 89 90 91 93 95 96 98 100 102 105 110 111 112 114 116 117 119 121 123 126 131 132 134 136 138 141 146 148 151 157
10 11 12 13 14 17 18 19 20 21 24 25 26 27 30 31 32 35 36 39 42 82 83 84 85 88 89 90 91 94 95 96 99 100 103 106 110 111 112 115 116 117 120 121 124 127 131 132 135 136 139 142 146 149 152 158
10 11 12 13 15 16 18 19 20 22 23 25 26 28 29 31 33 34 37 38 43 82 83 84 86 87 89 90 92 93 95 97 98 101 102 107 110 111 113 114 116 118 119 122 123 128 131 133 134 137 138 143 147 148 153 159
10 11 12 13 15 17 18 19 20 22 24 25 26 28 30 31 33 35 37 39 44 82 83 84 86 88 89 90 92 94 95 97 99 101 103 108 110 111 113 115 116 118 120 122 124 129 131 133 135 137 139 144 147 149 154 160
10 11 12 13 16 17 18 19 20 23 24 25 26 29 30 31 34 35 38 39 45 82 83 84 87 88 89 90 93 94 95 98 99 102 103 109 110 111 114 115 116 119 120 123 124 130 131 134 135 138 139 145 148 149 155 161
10 11 12 14 15 16 18 19 21 22 23 25 27 28 29 32 33 34 40 41 43 82 83 85 86 87 89 91 92 93 96 97 98 104 105 107 110 112 113 114 117 118 119 125 126 128 132 133 134 140 141 143 150 151 153 162
10 11 12 14 15 17 18 19 21 22 24 25 27 28 30 32 33 35 40 42 44 82 83 85 86 88 89 91 92 94 96 97 99 104 106 108 110 112 113 115 117 118 120 125 127 129 132 133 135 140 142 144 150 152 154 163
10 11 12 14 16 17 18 19 21 23 24 25 27 29 30 32 34 35 41 42 45 82 83 85 87 88 89 91 93 94 96 98 99 105 106 109 110 112 114 115 117 119 120 126 127 130 132 134 135 141 142 145 151 152 155 164
10 11 12 15 16 17 18 19 22 23 24 25 28 29 30 33 34 35 43 44 45 82 83 86 87 88 89 92 93 94 97 98 99 107 108 109 110 113 114 115 118 119 120 128 129 130 133 134 135 143 144 145 153 154 155 165
10 11 13 14 15 16 18 20 21 22 23 26 27 28 29 36 37 38 40 41 43 82 84 85 86 87 90 91 92 93 100 101 102 104 105 107 111 112 113 114 121 122 123 125 126 128 136 137 138 140 141 143 156 157 159 162
10 11 13 14 15 17 18 20 21 22 24 26 27 28 30 36 37 39 40 42 44 82 84 85 86 88 90 91 92 94 100 101 103 104 106 108 111 112 113 115 121 122 124 125 127 129 136 137 139 140 142 144 156 158 160 163
10 11 13 14 16 17 18 20 21 23 24 26 27 29 30 36 38 39 41 42 45 82 84 85 87 88 90 91 93 94 100 102 103 105 106 109 111 112 114 115 121 123 124 126 127 130 136 138 139 141 142 145 157 158 161 164
10 11 13 15 16 17 18 20 22 23 24 26 28 29 30 37 38 39 43 44 45 82 84 86 87 88 90 92 93 94 101 102 103 107 108 109 111 113 114 115 122 123 124 128 129 130 137 138 139 143 144 145 159 160 161 165
10 11 14 15 16 17 18 21 22 23 24 27 28 29 30 40 41 42 43 44 45 82 85 86 87 88 91 92 93 94 104 105 106 107 108 109 112 113 114 115 125 126 127 128 129 130 140 141 142 143 144 145 162 163 164 165
10 12 13 14 15 16 19 20 21 22 23 31 32 33 34 36 37 38 40 41 43 83 84 85 86 87 95 96 97 98 100 101 102 104 105 107 116 117 118 119 121 122 123 125 126 128 146 147 148 150 151 153 156 157 159 162
10 12 13 14 15 17 19 20 21 22 24 31 32 33 35 36 37 39 40 42 44 83 84 85 86 88 95 96 97 99 100 101 103 104 106 108 116 117 118 120 121 122 124 125 127 129 146 147 149 150 152 154 156 158 160 163
10 12 13 14 16 17 19 20 21 23 24 31 32 34 35 36 38 39 41 42 45 83 84 85 87 88 95 96 98 99 100 102 103 105 106 109 116 117 119 120 121 123 124 126 127 130 146 148 149 151 152 155 157 158 161 164
10 12 13 15 16 17 19 20 22 23 24 31 33 34 35 37 38 39 43 44 45 83 84 86 87 88 95 97 98 99 101 102 103 107 108 109 116 118 119 120 122 123 124 128 129 130 147 148 149 153 154 155 159 160 161 165
10 12 14 15 16 17 19 21 22 23 24 32 33 34 35 40 41 42 43 44 45 83 85 86 87 88 96 97 98 99 104 105 106 107 108 109 117 118 119 120 125 126 127 128 129 130 150 151 152 153 154 155 162 163 164 165
10 13 14 15 16 17 20 21 22 23 24 36 37 38 39 40 41 42 43 44 45 84 85 86 87 88 100 101 102 103 104 105 106 107 108 109 121 122 123 124 125 126 127 128 129 130 156 157 158 159 160 161 162 163 164 165
11 12 13 14 15 16 25 26 27 28 29 31 32 33 34 36 37 38 40 41 43 89 90 91 92 93 95 96 97 98 100 101 102 104 105 107 131 132 133 134 136 137 138 140 141 143 146 147 148 150 151 153 156 157 159 162
11 12 13 14 15 17 25 26 27 28 30 31 32 33 35 36 37 39 40 42 44 89 90 91 92 94 95 96 97 99 100 101 103 104 106 108 131 132 133 135 136 137 139 140 142 144 146 147 149 150 152 154 156 158 160 163
11 12 13 14 16 17 25 26 27 29 30 31 32 34 35 36 38 39 41 42 45 89 90 91 93 94 95 96 98 99 100 102 103 105 106 109 131 132 134 135 136 138 139 141 142 145 146 148 149 151 152 155 157 158 161 164
11 12 13 15 16 17 25 26 28 29 30 31 33 34 35 37 38 39 43 44 45 89 90 92 93 94 95 97 98 99 101 102 103 107 108 109 131 133 134 135 137 138 139 143 144 145 147 148 149 153 154 155 159 160 161 165
11 12 14 15 16 17 25 27 28 29 30 32 33 34 35 40 41 42 43 44 45 89 91 92 93 94 96 97 98 99 104 105 106 107 108 109 132 133 134 135 140 141 142 143 144 145 150 151 152 153 154 155 162 163 164 165
11 13 14 15 16 17 26 27 28 29 30 36 37 38 39 40 41 42 43 44 45 90 91 92 93 94 100 101 102 103 104 105 106 107 108 109 136 137 138 139 140 141 142 143 144 145 156 157 158 159 160 161 162 163 164 165
12 13 14 15 16 17 31 32 33 34 35 36 37 38 39 40 41 42 43 44 45 95 96 97 98 99 100 101 102 103 104 105 106 107 108 109 146 147 148 149 150 151 152 153 154 155 156 157 158 159 160 161 162 163 164 165
18 19 20 21 22 23 25 26 27 28 29 31 32 33 34 36 37 38 40 41 43 110 111 112 113 114 116 117 118 119 121 122 123 125 126 128 131 132 133 134 136 137 138 140 141 143 146 147 148 150 151 153 156 157 159 162
18 19 20 21 22 24 25 26 27 28 30 31 32 33 35 36 37 39 40 42 44 110 111 112 113 115 116 117 118 120 121 122 124 125 127 129 131 132 133 135 136 137 139 140 142 144 146 147 149 150 152 154 156 158 160 163
18 19 20 21 23 24 25 26 27 29 30 31 32 34 35 36 38 39 41 42 45 110 111 112 114 115 116 117 119 120 121 123 124 126 127 130 131 132 134 135 136 138 139 141 142 145 146 148 149 151 152 155 157 158 161 164
18 19 20 22 23 24 25 26 28 29 30 31 33 34 35 37 38 39 43 44 45 110 111 113 114 115 116 118 119 120 122 123 124 128 129 130 131 133 134 135 137 138 139 143 144 145 147 148 149 153 154 155 159 160 161 165
18 19 21 22 23 24 25 27 28 29 30 32 33 34 35 40 41 42 43 44 45 110 112 113 114 115 117 118 119 120 125 126 127 128 129 130 132 133 134 135 140 141 142 143 144 145 150 151 152 153 154 155 162 163 164 165
18 20 21 22 23 24 26 27 28 29 30 36 37 38 39 40 41 42 43 44 45 111 112 113 114 115 121 122 123 124 125 126 127 128 129 130 136 137 138 139 140 141 142 143 144 145 156 157 158 159 160 161 162 163 164 165
19 20 21 22 23 24 31 32 33 34 35 36 37 38 39 40 41 42 43 44 45 116 117 118 119 120 121 122 123 124 125 126 127 128 129 130 146 147 148 149 150 151 152 153 154 155 156 157 158 159 160 161 162 163 164 165
25 26 27 28 29 30 31 32 33 34 35 36 37 38 39 40 41 42 43 44 45 131 132 133 134 135 136 137 138 139 140 141 142 143 144 145 146 147 148 149 150 151 152 153 154 155 156 157 158 159 160 161 162 163 164 165
46 47 48 49 50 51 54 55 56 57 58 61 62 63 64 67 68 69 72 73 76 82 83 84 85 86 89 90 91 92 95 96 97 100 101 104 110 111 112 113 116 117 118 121 122 125 131 132 133 136 137 140 146 147 150 156
46 47 48 49 50 52 54 55 56 57 59 61 62 63 65 67 68 70 72 74 77 82 83 84 85 87 89 90 91 93 95 96 98 100 102 105 110 111 112 114 116 117 119 121 123 126 131 132 134 136 138 141 146 148 151 157
46 47 48 49 50 53 54 55 56 57 60 61 62 63 66 67 68 71 72 75 78 82 83 84 85 88 89 90 91 94 95 96 99 100 103 106 110 111 112 115 116 117 120 121 124 127 131 132 135 136 139 142 146 149 152 158
46 47 48 49 51 52 54 55 56 58 59 61 62 64 65 67 69 70 73 74 79 82 83 84 86 87 89 90 92 93 95 97 98 101 102 107 110 111 113 114 116 118 119 122 123 128 131 133 134 137 138 143 147 148 153 159
46 47 48 49 51 53 54 55 56 58 60 61 62 64 66 67 69 71 73 75 80 82 83 84 86 88 89 90 92 94 95 97 99 101 103 108 110 111 113 115 116 118 120 122 124 129 131 133 135 137 139 144 147 149 154 160
46 47 48 49 52 53 54 55 56 59 60 61 62 65 66 67 70 71 74 75 81 82 83 84 87 88 89 90 93 94 95 98 99 102 103 109 110 111 114 115 116 119 120 123 124 130 131 134 135 138 139 145 148 149 155 161
46 47 48 50 51 52 54 55 57 58 59 61 63 64 65 68 69 70 76 77 79 82 83 85 86 87 89 91 92 93 96 97 98 104 105 107 110 112 113 114 117 118 119 125 126 128 132 133 134 140 141 143 150 151 153 162
46 47 48 50 51 53 54 55 57 58 60 61 63 64 66 68 69 71 76 78 80 82 83 85 86 88 89 91 92 94 96 97 99 104 106 108 110 112 113 115 117 118 120 125 127 129 132 133 135 140 142 144 150 152 154 163
46 47 48 50 52 53 54 55 57 59 60 61 63 65 66 68 70 71 77 78 81 82 83 85 87 88 89 91 93 94 96 98 99 105 106 109 110 112 114 115 117 119 120 126 127 130 132 134 135 141 142 145 151 152 155 164
46 47 48 51 52 53 54 55 58 59 60 61 64 65 66 69 70 71 79 80 81 82 83 86 87 88 89 92 93 94 97 98 99 107 108 109 110 113 114 115 118 119 120 128 129 130 133 134 135 143 144 145 153 154 155 165
46 47 49 50 51 52 54 56 57 58 59 62 63 64 65 72 73 74 76 77 79 82 84 85 86 87 90 91 92 93 100 101 102 104 105 107 111 112 113 114 121 122 123 125 126 128 136 137 138 140 141 143 156 157 159 162
46 47 49 50 51 53 54 56 57 58 60 62 63 64 66 72 73 75 76 78 80 82 84 85 86 88 90 91 92 94 100 101 103 104 106 108 111 112 113 115 121 122 124 125 127 129 136 137 139 140 142 144 156 158 160 163
46 47 49 50 52 53 54 56 57 59 60 62 63 65 66 72 74 75 77 78 81 82 84 85 87 88 90 91 93 94 100 102 103 105 106 109 111 112 114 115 121 123 124 126 127 130 136 138 139 141 142 145 157 158 161 164
46 47 49 51 52 53 54 56 58 59 60 62 64 65 66 73 74 75 79 80 81 82 84 86 87 88 90 92 93 94 101 102 103 107 108 109 111 113 114 115 122 123 124 128 129 130 137 138 139 143 144 145 159 160 161 165
46 47 50 51 52 53 54 57 58 59 60 63 64 65 66 76 77 78 79 80 81 82 85 86 87 88 91 92 93 94 104 105 106 107 108 109 112 113 114 115 125 126 127 128 129 130 140 141 142 143 144 145 162 163 164 165
46 48 49 50 51 52 55 56 57 58 59 67 68 69 70 72 73 74 76 77 79 83 84 85 86 87 95 96 97 98 100 101 102 104 105 107 116 117 118 119 121 122 123 125 126 128 146 147 148 150 151 153 156 157 159 162
46 48 49 50 51 53 55 56 57 58 60 67 68 69 71 72 73 75 76 78 80 83 84 85 86 88 95 96 97 99 100 101 103 104 106 108 116 117 118 120 121 122 124 125 127 129 146 147 149 150 152 154 156 158 160 163
46 48 49 50 52 53 55 56 57 59 60 67 68 70 71 72 74 75 77 78 81 83 84 85 87 88 95 96 98 99 100 102 103 105 106 109 116 117 119 120 121 123 124 126 127 130 146 148 149 151 152 155 157 158 161 164
46 48 49 51 52 53 55 56 58 59 60 67 69 70 71 73 74 75 79 80 81 83 84 86 87 88 95 97 98 99 101 102 103 107 108 109 116 118 119 120 122 123 124 128 129 130 147 148 149 153 154 155 159 160 161 165
46 48 50 51 52 53 55 57 58 59 60 68 69 70 71 76 77 78 79 80 81 83 85 86 87 88 96 97 98 99 104 105 106 107 108 109 117 118 119 120 125 126 127 128 129 130 150 151 152 153 154 155 162 163 164 165
46 49 50 51 52 53 56 57 58 59 60 72 73 74 75 76 77 78 79 80 81 84 85 86 87 88 100 101 102 103 104 105 106 107 108 109 121 122 123 124 125 126 127 128 129 130 156 157 158 159 160 161 162 163 164 165
47 48 49 50 51 52 61 62 63 64 65 67 68 69 70 72 73 74 76 77 79 89 90 91 92 93 95 96 97 98 100 101 102 104 105 107 131 132 133 134 136 137 138 140 141 143 146 147 148 150 151 153 156 157 159 162
47 48 49 50 51 53 61 62 63 64 66 67 68 69 71 72 73 75 76 78 80 89 90 91 92 94 95 96 97 99 100 101 103 104 106 108 131 132 133 135 136 137 139 140 142 144 146 147 149 150 152 154 156 158 160 163
47 48 49 50 52 53 61 62 63 65 66 67 68 70 71 72 74 75 77 78 81 89 90 91 93 94 95 96 98 99 100 102 103 105 106 109 131 132 134 135 136 138 139 141 142 145 146 148 149 151 152 155 157 158 161 164
47 48 49 51 52 53 61 62 64 65 66 67 69 70 71 73 74 75 79 80 81 89 90 92 93 94 95 97 98 99 101 102 103 107 108 109 131 133 134 135 137 138 139 143 144 145 147 148 149 153 154 155 159 160 161 165
47 48 50 51 52 53 61 63 64 65 66 68 69 70 71 76 77 78 79 80 81 89 91 92 93 94 96 97 98 99 104 105 106 107 108 109 132 133 134 135 140 141 142 143 144 145 150 151 152 153 154 155 162 163 164 165
47 49 50 51 52 53 62 63 64 65 66 72 73 74 75 76 77 78 79 80 81 90 91 92 93 94 100 101 102 103 104 105 106 107 108 109 136 137 138 139 140 141 142 143 144 145 156 157 158 159 160 161 162 163 164 165
48 49 50 51 52 53 67 68 69 70 71 72 73 74 75 76 77 78 79 80 81 95 96 97 98 99 100 101 102 103 104 105 106 107 108 109 146 147 148 149 150 151 152 153 154 155 156 157 158 159 160 161 162 163 164 165
54 55 56 57 58 59 61 62 63 64 65 67 68 69 70 72 73 74 76 77 79 110 111 112 113 114 116 117 118 119 121 122 123 125 126 128 131 132 133 134 136 137 138 140 141 143 146 147 148 150 151 153 156 157 159 162
54 55 56 57 58 60 61 62 63 64 66 67 68 69 71 72 73 75 76 78 80 110 111 112 113 115 116 117 118 120 121 122 124 125 127 129 131 132 133 135 136 137 139 140 142 144 146 147 149 150 152 154 156 158 160 163
54 55 56 57 59 60 61 62 63 65 66 67 68 70 71 72 74 75 77 78 81 110 111 112 114 115 116 117 119 120 121 123 124 126 127 130 131 132 134 135 136 138 139 141 142 145 146 148 149 151 152 155 157 158 161 164
54 55 56 58 59 60 61 62 64 65 66 67 69 70 71 73 74 75 79 80 81 110 111 113 114 115 116 118 119 120 122 123 124 128 129 130 131 133 134 135 137 138 139 143 144 145 147 148 149 153 154 155 159 160 161 165
54 55 57 58 59 60 61 63 64 65 66 68 69 70 71 76 77 78 79 80 81 110 112 113 114 115 117 118 119 120 125 126 127 128 129 130 132 133 134 135 140 141 142 143 144 145 150 151 152 153 154 155 162 163 164 165
54 56 57 58 59 60 62 63 64 65 66 72 73 74 75 76 77 78 79 80 81 111 112 113 114 115 121 122 123 124 125 126 127 128 129 130 136 137 138 139 140 141 142 143 144 145 156 157 158 159 160 161 162 163 164 165
55 56 57 58 59 60 67 68 69 70 71 72 73 74 75 76 77 78 79 80 81 116 117 118 119 120 121 122 123 124 125 126 127 128 129 130 146 147 148 149 150 151 152 153 154 155 156 157 158 159 160 161 162 163 164 165
61 62 63 64 65 66 67 68 69 70 71 72 73 74 75 76 77 78 79 80 81 131 132 133 134 135 136 137 138 139 140 141 142 143 144 145 146 147 148 149 150 151 152 153 154 155 156 157 158 159 160 161 162 163 164 165
82 83 84 85 86 87 89 90 91 92 93 95 96 97 98 100 101 102 104 105 107 110 111 112 113 114 116 117 118 119 121 122 123 125 126 128 131 132 133 134 136 137 138 140 141 143 146 147 148 150 151 153 156 157 159 162
82 83 84 85 86 88 89 90 91 92 94 95 96 97 99 100 101 103 104 106 108 110 111 112 113 115 116 117 118 120 121 122 124 125 127 129 131 132 133 135 136 137 139 140 142 144 146 147 149 150 152 154 156 158 160 163
82 83 84 85 87 88 89 90 91 93 94 95 96 98 99 100 102 103 105 106 109 110 111 112 114 115 116 117 119 120 121 123 124 126 127 130 131 132 134 135 136 138 139 141 142 145 146 148 149 151 152 155 157 158 161 164
82 83 84 86 87 88 89 90 92 93 94 95 97 98 99 101 102 103 107 108 109 110 111 113 114 115 116 118 119 120 122 123 124 128 129 130 131 133 134 135 137 138 139 143 144 145 147 148 149 153 154 155 159 160 161 165
82 83 85 86 87 88 89 91 92 93 94 96 97 98 99 104 105 106 107 108 109 110 112 113 114 115 117 118 119 120 125 126 127 128 129 130 132 133 134 135 140 141 142 143 144 145 150 151 152 153 154 155 162 163 164 165
82 84 85 86 87 88 90 91 92 93 94 100 101 102 103 104 105 106 107 108 109 111 112 113 114 115 121 122 123 124 125 126 127 128 129 130 136 137 138 139 140 141 142 143 144 145 156 157 158 159 160 161 162 163 164 165
83 84 85 86 87 88 95 96 97 98 99 100 101 102 103 104 105 106 107 108 109 116 117 118 119 120 121 122 123 124 125 126 127 128 129 130 146 147 148 149 150 151 152 153 154 155 156 157 158 159 160 161 162 163 164 165
89 90 91 92 93 94 95 96 97 98 99 100 101 102 103 104 105 106 107 108 109 131 132 133 134 135 136 137 138 139 140 141 142 143 144 145 146 147 148 149 150 151 152 153 154 155 156 157 158 159 160 161 162 163 164 165
110 111 112 113 114 115 116 117 118 119 120 121 122 123 124 125 126 127 128 129 130 131 132 133 134 135 136 137 138 139 140 141 142 143 144 145 146 147 148 149 150 151 152 153 154 155 156 157 158 159 160 161 162 163 164 165
