72 756
37 38 39 40 41 42 43 44 45 46 47 48 49 50 51 52 53 54 55 56 57
37 38 39 40 41 42 43 44 45 46 47 48 49 50 51 58 59 60 61 62 63
37 38 39 40 41 42 43 44 45 46 52 53 54 55 56 58 59 60 61 62 64
37 38 39 40 41 42 47 48 49 50 52 53 54 55 57 58 59 60 61 63 64
37 38 39 43 44 45 47 48 49 51 52 53 54 56 57 58 59 60 62 63 64
37 40 41 43 44 46 47 48 50 51 52 53 55 56 57 58 59 61 62 63 64
38 40 42 43 45 46 47 49 50 51 52 54 55 56 57 58 60 61 62 63 64
39 41 42 44 45 46 48 49 50 51 53 54 55 56 57 59 60 61 62 63 64
37 38 39 40 41 42 43 44 45 46 47 48 49 50 51 65 66 67 68 69 70
37 38 39 40 41 42 43 44 45 46 52 53 54 55 56 65 66 67 68 69 71
37 38 39 40 41 42 47 48 49 50 52 53 54 55 57 65 66 67 68 70 71
37 38 39 43 44 45 47 48 49 51 52 53 54 56 57 65 66 67 69 70 71
37 40 41 43 44 46 47 48 50 51 52 53 55 56 57 65 66 68 69 70 71
38 40 42 43 45 46 47 49 50 51 52 54 55 56 57 65 67 68 69 70 71
39 41 42 44 45 46 48 49 50 51 53 54 55 56 57 66 67 68 69 70 71
37 38 39 40 41 42 43 44 45 46 58 59 60 61 62 65 66 67 68 69 72
37 38 39 40 41 42 47 48 49 50 58 59 60 61 63 65 66 67 68 70 72
37 38 39 43 44 45 47 48 49 51 58 59 60 62 63 65 66 67 69 70 72
37 40 41 43 44 46 47 48 50 51 58 59 61 62 63 65 66 68 69 70 72
38 40 42 43 45 46 47 49 50 51 58 60 61 62 63 65 67 68 69 70 72
39 41 42 44 45 46 48 49 50 51 59 60 61 62 63 66 67 68 69 70 72
37 38 39 40 41 42 52 53 54 55 58 59 60 61 64 65 66 67 68 71 72
37 38 39 43 44 45 52 53 54 56 58 59 60 62 64 65 66 67 69 71 72
37 40 41 43 44 46 52 53 55 56 58 59 61 62 64 65 66 68 69 71 72
38 40 42 43 45 46 52 54 55 56 58 60 61 62 64 65 67 68 69 71 72
39 41 42 44 45 46 53 54 55 56 59 60 61 62 64 66 67 68 69 71 72
37 38 39 47 48 49 52 53 54 57 58 59 60 63 64 65 66 67 70 71 72
37 40 41 47 48 50 52 53 55 57 58 59 61 63 64 65 66 68 70 71 72
38 40 42 47 49 50 52 54 55 57 58 60 61 63 64 65 67 68 70 71 72
39 41 42 48 49 50 53 54 55 57 59 60 61 63 64 66 67 68 70 71 72
37 43 44 47 48 51 52 53 56 57 58 59 62 63 64 65 66 69 70 71 72
38 43 45 47 49 51 52 54 56 57 58 60 62 63 64 65 67 69 70 71 72
39 44 45 48 49 51 53 54 56 57 59 60 62 63 64 66 67 69 70 71 72
40 43 46 47 50 51 52 55 56 57 58 61 62 63 64 65 68 69 70 71 72
41 44 46 48 50 51 53 55 56 57 59 61 62 63 64 66 68 69 70 71 72
42 45 46 49 50 51 54 55 56 57 60 61 62 63 64 67 68 69 70 71 72
1 2 3 4 5 6 9 10 11 12 13 16 17 18 19 22 23 24 27 28 31
1 2 3 4 5 7 9 10 11 12 14 16 17 18 20 22 23 25 27 29 32
1 2 3 4 5 8 9 10 11 12 15 16 17 18 21 22 23 26 27 30 33
1 2 3 4 6 7 9 10 11 13 14 16 17 19 20 22 24 25 28 29 34
1 2 3 4 6 8 9 10 11 13 15 16 17 19 21 22 24 26 28 30 35
1 2 3 4 7 8 9 10 11 14 15 16 17 20 21 22 25 26 29 30 36
1 2 3 5 6 7 9 10 12 13 14 16 18 19 20 23 24 25 31 32 34
1 2 3 5 6 8 9 10 12 13 15 16 18 19 21 23 24 26 31 33 35
1 2 3 5 7 8 9 10 12 14 15 16 18 20 21 23 25 26 32 33 36
1 2 3 6 7 8 9 10 13 14 15 16 19 20 21 24 25 26 34 35 36
1 2 4 5 6 7 9 11 12 13 14 17 18 19 20 27 28 29 31 32 34
1 2 4 5 6 8 9 11 12 13 15 17 18 19 21 27 28 30 31 33 35
1 2 4 5 7 8 9 11 12 14 15 17 18 20 21 27 29 30 32 33 36
1 2 4 6 7 8 9 11 13 14 15 17 19 20 21 28 29 30 34 35 36
1 2 5 6 7 8 9 12 13 14 15 18 19 20 21 31 32 33 34 35 36
1 3 4 5 6 7 10 11 12 13 14 22 23 24 25 27 28 29 31 32 34
1 3 4 5 6 8 10 11 12 13 15 22 23 24 26 27 28 30 31 33 35
1 3 4 5 7 8 10 11 12 14 15 22 23 25 26 27 29 30 32 33 36
1 3 4 6 7 8 10 11 13 14 15 22 24 25 26 28 29 30 34 35 36
1 3 5 6 7 8 10 12 13 14 15 23 24 25 26 31 32 33 34 35 36
1 4 5 6 7 8 11 12 13 14 15 27 28 29 30 31 32 33 34 35 36
2 3 4 5 6 7 16 17 18 19 20 22 23 24 25 27 28 29 31 32 34
2 3 4 5 6 8 16 17 18 19 21 22 23 24 26 27 28 30 31 33 35
2 3 4 5 7 8 16 17 18 20 21 22 23 25 26 27 29 30 32 33 36
2 3 4 6 7 8 16 17 19 20 21 22 24 25 26 28 29 30 34 35 36
2 3 5 6 7 8 16 18 19 20 21 23 24 25 26 31 32 33 34 35 36
2 4 5 6 7 8 17 18 19 20 21 27 28 29 30 31 32 33 34 35 36
3 4 5 6 7 8 22 23 24 25 26 27 28 29 30 31 32 33 34 35 36
9 10 11 12 13 14 16 17 18 19 20 22 23 24 25 27 28 29 31 32 34
9 10 11 12 13 15 16 17 18 19 21 22 23 24 26 27 28 30 31 33 35
9 10 11 12 14 15 16 17 18 20 21 22 23 25 26 27 29 30 32 33 36
9 10 11 13 14 15 16 17 19 20 21 22 24 25 26 28 29 30 34 35 36
9 10 12 13 14 15 16 18 19 20 21 23 24 25 26 31 32 33 34 35 36
9 11 12 13 14 15 17 18 19 20 21 27 28 29 30 31 32 33 34 35 36
10 11 12 13 14 15 22 23 24 25 26 27 28 29 30 31 32 33 34 35 36
16 17 18 19 20 21 22 23 24 25 26 27 28 29 30 31 32 33 34 35 36
