168 1680
85 86 87 88 89 90 91 92 93 94 95 96 97 98 99 100 101 102 103 104
85 86 87 88 89 90 91 92 93 94 105 106 107 108 109 110 111 112 113 114
85 86 87 88 95 96 97 98 99 100 105 106 107 108 109 110 115 116 117 118
85 89 90 91 95 96 97 101 102 103 105 106 107 111 112 113 115 116 117 119
86 89 92 93 95 98 99 101 102 104 105 108 109 111 112 114 115 116 118 119
87 90 92 94 96 98 100 101 103 104 106 108 110 111 113 114 115 117 118 119
88 91 93 94 97 99 100 102 103 104 107 109 110 112 113 114 116 117 118 119
85 86 87 88 89 90 91 92 93 94 120 121 122 123 124 125 126 127 128 129
85 86 87 88 95 96 97 98 99 100 120 121 122 123 124 125 130 131 132 133
85 89 90 91 95 96 97 101 102 103 120 121 122 126 127 128 130 131 132 134
86 89 92 93 95 98 99 101 102 104 120 123 124 126 127 129 130 131 133 134
87 90 92 94 96 98 100 101 103 104 121 123 125 126 128 129 130 132 133 134
88 91 93 94 97 99 100 102 103 104 122 124 125 127 128 129 131 132 133 134
85 86 87 88 105 106 107 108 109 110 120 121 122 123 124 125 135 136 137 138
85 89 90 91 105 106 107 111 112 113 120 121 122 126 127 128 135 136 137 139
86 89 92 93 105 108 109 111 112 114 120 123 124 126 127 129 135 136 138 139
87 90 92 94 106 108 110 111 113 114 121 123 125 126 128 129 135 137 138 139
88 91 93 94 107 109 110 112 113 114 122 124 125 127 128 129 136 137 138 139
85 95 96 97 105 106 107 115 116 117 120 121 122 130 131 132 135 136 137 140
86 95 98 99 105 108 109 115 116 118 120 123 124 130 131 133 135 136 138 140
87 96 98 100 106 108 110 115 117 118 121 123 125 130 132 133 135 137 138 140
88 97 99 100 107 109 110 116 117 118 122 124 125 131 132 133 136 137 138 140
89 95 101 102 105 111 112 115 116 119 120 126 127 130 131 134 135 136 139 140
90 96 101 103 106 111 113 115 117 119 121 126 128 130 132 134 135 137 139 140
91 97 102 103 107 112 113 116 117 119 122 127 128 131 132 134 136 137 139 140
92 98 101 104 108 111 114 115 118 119 123 126 129 130 133 134 135 138 139 140
93 99 102 104 109 112 114 116 118 119 124 127 129 131 133 134 136 138 139 140
94 100 103 104 110 113 114 117 118 119 125 128 129 132 133 134 137 138 139 140
85 86 87 88 89 90 91 92 93 94 141 142 143 144 145 146 147 148 149 150
85 86 87 88 95 96 97 98 99 100 141 142 143 144 145 146 151 152 153 154
85 89 90 91 95 96 97 101 102 103 141 142 143 147 148 149 151 152 153 155
86 89 92 93 95 98 99 101 102 104 141 144 145 147 148 150 151 152 154 155
87 90 92 94 96 98 100 101 103 104 142 144 146 147 149 150 151 153 154 155
88 91 93 94 97 99 100 102 103 104 143 145 146 148 149 150 152 153 154 155
85 86 87 88 105 106 107 108 109 110 141 142 143 144 145 146 156 157 158 159
85 89 90 91 105 106 107 111 112 113 141 142 143 147 148 149 156 157 158 160
86 89 92 93 105 108 109 111 112 114 141 144 145 147 148 150 156 157 159 160
87 90 92 94 106 108 110 111 113 114 142 144 146 147 149 150 156 158 159 160
88 91 93 94 107 109 110 112 113 114 143 145 146 148 149 150 157 158 159 160
85 95 96 97 105 106 107 115 116 117 141 142 143 151 152 153 156 157 158 161
86 95 98 99 105 108 109 115 116 118 141 144 145 151 152 154 156 157 159 161
87 96 98 100 106 108 110 115 117 118 142 144 146 151 153 154 156 158 159 161
88 97 99 100 107 109 110 116 117 118 143 145 146 152 153 154 157 158 159 161
89 95 101 102 105 111 112 115 116 119 141 147 148 151 152 155 156 157 160 161
90 96 101 103 106 111 113 115 117 119 142 147 149 151 153 155 156 158 160 161
91 97 102 103 107 112 113 116 117 119 143 148 149 152 153 155 157 158 160 161
92 98 101 104 108 111 114 115 118 119 144 147 150 151 154 155 156 159 160 161
93 99 102 104 109 112 114 116 118 119 145 148 150 152 154 155 157 159 160 161
94 100 103 104 110 113 114 117 118 119 146 149 150 153 154 155 158 159 160 161
85 86 87 88 120 121 122 123 124 125 141 142 143 144 145 146 162 163 164 165
85 89 90 91 120 121 122 126 127 128 141 142 143 147 148 149 162 163 164 166
86 89 92 93 120 123 124 126 127 129 141 144 145 147 148 150 162 163 165 166
87 90 92 94 121 123 125 126 128 129 142 144 146 147 149 150 162 164 165 166
88 91 93 94 122 124 125 127 128 129 143 145 146 148 149 150 163 164 165 166
85 95 96 97 120 121 122 130 131 132 141 142 143 151 152 153 162 163 164 167
86 95 98 99 120 123 124 130 131 133 141 144 145 151 152 154 162 163 165 167
87 96 98 100 121 123 125 130 132 133 142 144 146 151 153 154 162 164 165 167
88 97 99 100 122 124 125 131 132 133 143 145 146 152 153 154 163 164 165 167
89 95 101 102 120 126 127 130 131 134 141 147 148 151 152 155 162 163 166 167
90 96 101 103 121 126 128 130 132 134 142 147 149 151 153 155 162 164 166 167
91 97 102 103 122 127 128 131 132 134 143 148 149 152 153 155 163 164 166 167
92 98 101 104 123 126 129 130 133 134 144 147 150 151 154 155 162 165 166 167
93 99 102 104 124 127 129 131 133 134 145 148 150 152 154 155 163 165 166 167
94 100 103 104 125 128 129 132 133 134 146 149 150 153 154 155 164 165 166 167
85 105 106 107 120 121 122 135 136 137 141 142 143 156 157 158 162 163 164 168
86 105 108 109 120 123 124 135 136 138 141 144 145 156 157 159 162 163 165 168
87 106 108 110 121 123 125 135 137 138 142 144 146 156 158 159 162 164 165 168
88 107 109 110 122 124 125 136 137 138 143 145 146 157 158 159 163 164 165 168
89 105 111 112 120 126 127 135 136 139 141 147 148 156 157 160 162 163 166 168
90 106 111 113 121 126 128 135 137 139 142 147 149 156 158 160 162 164 166 168
91 107 112 113 122 127 128 136 137 139 143 148 149 157 158 160 163 164 166 168
92 108 111 114 123 126 129 135 138 139 144 147 150 156 159 160 162 165 166 168
93 109 112 114 124 127 129 136 138 139 145 148 150 157 159 160 163 165 166 168
94 110 113 114 125 128 129 137 138 139 146 149 150 158 159 160 164 165 166 168
95 105 115 116 120 130 131 135 136 140 141 151 152 156 157 161 162 163 167 168
96 106 115 117 121 130 132 135 137 140 142 151 153 156 158 161 162 164 167 168
97 107 116 117 122 131 132 136 137 140 143 152 153 157 158 161 163 164 167 168
98 108 115 118 123 130 133 135 138 140 144 151 154 156 159 161 162 165 167 168
99 109 116 118 124 131 133 136 138 140 145 152 154 157 159 161 163 165 167 168
100 110 117 118 125 132 133 137 138 140 146 153 154 158 159 161 164 165 167 168
101 111 115 119 126 130 134 135 139 140 147 151 155 156 160 161 162 166 167 168
102 112 116 119 127 131 134 136 139 140 148 152 155 157 160 161 163 166 167 168
103 113 117 119 128 132 134 137 139 140 149 153 155 158 160 161 164 166 167 168
104 114 118 119 129 133 134 138 139 140 150 154 155 159 160 161 165 166 167 168
1 2 3 4 8 9 10 14 15 19 29 30 31 35 36 40 50 51 55 65
1 2 3 5 8 9 11 14 16 20 29 30 32 35 37 41 50 52 56 66
1 2 3 6 8 9 12 14 17 21 29 30 33 35 38 42 50 53 57 67
1 2 3 7 8 9 13 14 18 22 29 30 34 35 39 43 50 54 58 68
1 2 4 5 8 10 11 15 16 23 29 31 32 36 37 44 51 52 59 69
1 2 4 6 8 10 12 15 17 24 29 31 33 36 38 45 51 53 60 70
1 2 4 7 8 10 13 15 18 25 29 31 34 36 39 46 51 54 61 71
1 2 5 6 8 11 12 16 17 26 29 32 33 37 38 47 52 53 62 72
1 2 5 7 8 11 13 16 18 27 29 32 34 37 39 48 52 54 63 73
1 2 6 7 8 12 13 17 18 28 29 33 34 38 39 49 53 54 64 74
1 3 4 5 9 10 11 19 20 23 30 31 32 40 41 44 55 56 59 75
1 3 4 6 9 10 12 19 21 24 30 31 33 40 42 45 55 57 60 76
1 3 4 7 9 10 13 19 22 25 30 31 34 40 43 46 55 58 61 77
1 3 5 6 9 11 12 20 21 26 30 32 33 41 42 47 56 57 62 78
1 3 5 7 9 11 13 20 22 27 30 32 34 41 43 48 56 58 63 79
1 3 6 7 9 12 13 21 22 28 30 33 34 42 43 49 57 58 64 80
1 4 5 6 10 11 12 23 24 26 31 32 33 44 45 47 59 60 62 81
1 4 5 7 10 11 13 23 25 27 31 32 34 44 46 48 59 61 63 82
1 4 6 7 10 12 13 24 25 28 31 33 34 45 46 49 60 61 64 83
1 5 6 7 11 12 13 26 27 28 32 33 34 47 48 49 62 63 64 84
2 3 4 5 14 15 16 19 20 23 35 36 37 40 41 44 65 66 69 75
2 3 4 6 14 15 17 19 21 24 35 36 38 40 42 45 65 67 70 76
2 3 4 7 14 15 18 19 22 25 35 36 39 40 43 46 65 68 71 77
2 3 5 6 14 16 17 20 21 26 35 37 38 41 42 47 66 67 72 78
2 3 5 7 14 16 18 20 22 27 35 37 39 41 43 48 66 68 73 79
2 3 6 7 14 17 18 21 22 28 35 38 39 42 43 49 67 68 74 80
2 4 5 6 15 16 17 23 24 26 36 37 38 44 45 47 69 70 72 81
2 4 5 7 15 16 18 23 25 27 36 37 39 44 46 48 69 71 73 82
2 4 6 7 15 17 18 24 25 28 36 38 39 45 46 49 70 71 74 83
2 5 6 7 16 17 18 26 27 28 37 38 39 47 48 49 72 73 74 84
3 4 5 6 19 20 21 23 24 26 40 41 42 44 45 47 75 76 78 81
3 4 5 7 19 20 22 23 25 27 40 41 43 44 46 48 75 77 79 82
3 4 6 7 19 21 22 24 25 28 40 42 43 45 46 49 76 77 80 83
3 5 6 7 20 21 22 26 27 28 41 42 43 47 48 49 78 79 80 84
4 5 6 7 23 24 25 26 27 28 44 45 46 47 48 49 81 82 83 84
8 9 10 11 14 15 16 19 20 23 50 51 52 55 56 59 65 66 69 75
8 9 10 12 14 15 17 19 21 24 50 51 53 55 57 60 65 67 70 76
8 9 10 13 14 15 18 19 22 25 50 51 54 55 58 61 65 68 71 77
8 9 11 12 14 16 17 20 21 26 50 52 53 56 57 62 66 67 72 78
8 9 11 13 14 16 18 20 22 27 50 52 54 56 58 63 66 68 73 79
8 9 12 13 14 17 18 21 22 28 50 53 54 57 58 64 67 68 74 80
8 10 11 12 15 16 17 23 24 26 51 52 53 59 60 62 69 70 72 81
8 10 11 13 15 16 18 23 25 27 51 52 54 59 61 63 69 71 73 82
8 10 12 13 15 17 18 24 25 28 51 53 54 60 61 64 70 71 74 83
8 11 12 13 16 17 18 26 27 28 52 53 54 62 63 64 72 73 74 84
9 10 11 12 19 20 21 23 24 26 55 56 57 59 60 62 75 76 78 81
9 10 11 13 19 20 22 23 25 27 55 56 58 59 61 63 75 77 79 82
9 10 12 13 19 21 22 24 25 28 55 57 58 60 61 64 76 77 80 83
9 11 12 13 20 21 22 26 27 28 56 57 58 62 63 64 78 79 80 84
10 11 12 13 23 24 25 26 27 28 59 60 61 62 63 64 81 82 83 84
14 15 16 17 19 20 21 23 24 26 65 66 67 69 70 72 75 76 78 81
14 15 16 18 19 20 22 23 25 27 65 66 68 69 71 73 75 77 79 82
14 15 17 18 19 21 22 24 25 28 65 67 68 70 71 74 76 77 80 83
14 16 17 18 20 21 22 26 27 28 66 67 68 72 73 74 78 79 80 84
15 16 17 18 23 24 25 26 27 28 69 70 71 72 73 74 81 82 83 84
19 20 21 22 23 24 25 26 27 28 75 76 77 78 79 80 81 82 83 84
29 30 31 32 35 36 37 40 41 44 50 51 52 55 56 59 65 66 69 75
29 30 31 33 35 36 38 40 42 45 50 51 53 55 57 60 65 67 70 76
29 30 31 34 35 36 39 40 43 46 50 51 54 55 58 61 65 68 71 77
29 30 32 33 35 37 38 41 42 47 50 52 53 56 57 62 66 67 72 78
29 30 32 34 35 37 39 41 43 48 50 52 54 56 58 63 66 68 73 79
29 30 33 34 35 38 39 42 43 49 50 53 54 57 58 64 67 68 74 80
29 31 32 33 36 37 38 44 45 47 51 52 53 59 60 62 69 70 72 81
29 31 32 34 36 37 39 44 46 48 51 52 54 59 61 63 69 71 73 82
29 31 33 34 36 38 39 45 46 49 51 53 54 60 61 64 70 71 74 83
29 32 33 34 37 38 39 47 48 49 52 53 54 62 63 64 72 73 74 84
30 31 32 33 40 41 42 44 45 47 55 56 57 59 60 62 75 76 78 81
30 31 32 34 40 41 43 44 46 48 55 56 58 59 61 63 75 77 79 82
30 31 33 34 40 42 43 45 46 49 55 57 58 60 61 64 76 77 80 83
30 32 33 34 41 42 43 47 48 49 56 57 58 62 63 64 78 79 80 84
31 32 33 34 44 45 46 47 48 49 59 60 61 62 63 64 81 82 83 84
35 36 37 38 40 41 42 44 45 47 65 66 67 69 70 72 75 76 78 81
35 36 37 39 40 41 43 44 46 48 65 66 68 69 71 73 75 77 79 82
35 36 38 39 40 42 43 45 46 49 65 67 68 70 71 74 76 77 80 83
35 37 38 39 41 42 43 47 48 49 66 67 68 72 73 74 78 79 80 84
36 37 38 39 44 45 46 47 48 49 69 70 71 72 73 74 81 82 83 84
40 41 42 43 44 45 46 47 48 49 75 76 77 78 79 80 81 82 83 84
50 51 52 53 55 56 57 59 60 62 65 66 67 69 70 72 75 76 78 81
50 51 52 54 55 56 58 59 61 63 65 66 68 69 71 73 75 77 79 82
50 51 53 54 55 57 58 60 61 64 65 67 68 70 71 74 76 77 80 83
50 52 53 54 56 57 58 62 63 64 66 67 68 72 73 74 78 79 80 84
51 52 53 54 59 60 61 62 63 64 69 70 71 72 73 74 81 82 83 84
55 56 57 58 59 60 61 62 63 64 75 76 77 78 79 80 81 82 83 84
65 66 67 68 69 70 71 72 73 74 75 76 77 78 79 80 81 82 83 84
