42 210
22 23 24 25 26 27 28 29 30 31
22 23 24 25 26 27 32 33 34 35
22 23 24 28 29 30 32 33 34 36
22 25 26 28 29 31 32 33 35 36
23 25 27 28 30 31 32 34 35 36
24 26 27 29 30 31 33 34 35 36
22 23 24 25 26 27 37 38 39 40
22 23 24 28 29 30 37 38 39 41
22 25 26 28 29 31 37 38 40 41
23 25 27 28 30 31 37 39 40 41
24 26 27 29 30 31 38 39 40 41
22 23 24 32 33 34 37 38 39 42
22 25 26 32 33 35 37 38 40 42
23 25 27 32 34 35 37 39 40 42
24 26 27 33 34 35 38 39 40 42
22 28 29 32 33 36 37 38 41 42
23 28 30 32 34 36 37 39 41 42
24 29 30 33 34 36 38 39 41 42
25 28 31 32 35 36 37 40 41 42
26 29 31 33 35 36 38 40 41 42
27 30 31 34 35 36 39 40 41 42
1 2 3 4 7 8 9 12 13 16
1 2 3 5 7 8 10 12 14 17
1 2 3 6 7 8 11 12 15 18
1 2 4 5 7 9 10 13 14 19
1 2 4 6 7 9 11 13 15 20
1 2 5 6 7 10 11 14 15 21
1 3 4 5 8 9 10 16 17 19
1 3 4 6 8 9 11 16 18 20
1 3 5 6 8 10 11 17 18 21
1 4 5 6 9 10 11 19 20 21
2 3 4 5 12 13 14 16 17 19
2 3 4 6 12 13 15 16 18 20
2 3 5 6 12 14 15 17 18 21
2 4 5 6 13 14 15 19 20 21
3 4 5 6 16 17 18 19 20 21
7 8 9 10 12 13 14 16 17 19
7 8 9 11 12 13 15 16 18 20
7 8 10 11 12 14 15 17 18 21
7 9 10 11 13 14 15 19 20 21
8 9 10 11 16 17 18 19 20 21
12 13 14 15 16 17 18 19 20 21
