660 11550
331 332 333 334 335 336 337 338 339 340 341 342 343 344 345 346 347 348 349 350 351 352 353 354 355 356 357 358 359 360 361 362 363 364 365
331 332 333 334 335 336 337 338 339 340 341 342 343 344 345 366 367 368 369 370 371 372 373 374 375 376 377 378 379 380 381 382 383 384 385
331 332 333 334 335 346 347 348 349 350 351 352 353 354 355 366 367 368 369 370 371 372 373 374 375 386 387 388 389 390 391 392 393 394 395
331 336 337 338 339 346 347 348 349 356 357 358 359 360 361 366 367 368 369 376 377 378 379 380 381 386 387 388 389 390 391 396 397 398 399
332 336 340 341 342 346 350 351 352 356 357 358 362 363 364 366 370 371 372 376 377 378 382 383 384 386 387 388 392 393 394 396 397 398 400
333 337 340 343 344 347 350 353 354 356 359 360 362 363 365 367 370 373 374 376 379 380 382 383 385 386 389 390 392 393 395 396 397 399 400
334 338 341 343 345 348 351 353 355 357 359 361 362 364 365 368 371 373 375 377 379 381 382 384 385 387 389 391 392 394 395 396 398 399 400
335 339 342 344 345 349 352 354 355 358 360 361 363 364 365 369 372 374 375 378 380 381 383 384 385 388 390 391 393 394 395 397 398 399 400
331 332 333 334 335 336 337 338 339 340 341 342 343 344 345 401 402 403 404 405 406 407 408 409 410 411 412 413 414 415 416 417 418 419 420
331 332 333 334 335 346 347 348 349 350 351 352 353 354 355 401 402 403 404 405 406 407 408 409 410 421 422 423 424 425 426 427 428 429 430
331 336 337 338 339 346 347 348 349 356 357 358 359 360 361 401 402 403 404 411 412 413 414 415 416 421 422 423 424 425 426 431 432 433 434
332 336 340 341 342 346 350 351 352 356 357 358 362 363 364 401 405 406 407 411 412 413 417 418 419 421 422 423 427 428 429 431 432 433 435
333 337 340 343 344 347 350 353 354 356 359 360 362 363 365 402 405 408 409 411 414 415 417 418 420 421 424 425 427 428 430 431 432 434 435
334 338 341 343 345 348 351 353 355 357 359 361 362 364 365 403 406 408 410 412 414 416 417 419 420 422 424 426 427 429 430 431 433 434 435
335 339 342 344 345 349 352 354 355 358 360 361 363 364 365 404 407 409 410 413 415 416 418 419 420 423 425 426 428 429 430 432 433 434 435
331 332 333 334 335 366 367 368 369 370 371 372 373 374 375 401 402 403 404 405 406 407 408 409 410 436 437 438 439 440 441 442 443 444 445
331 336 337 338 339 366 367 368 369 376 377 378 379 380 381 401 402 403 404 411 412 413 414 415 416 436 437 438 439 440 441 446 447 448 449
332 336 340 341 342 366 370 371 372 376 377 378 382 383 384 401 405 406 407 411 412 413 417 418 419 436 437 438 442 443 444 446 447 448 450
333 337 340 343 344 367 370 373 374 376 379 380 382 383 385 402 405 408 409 411 414 415 417 418 420 436 439 440 442 443 445 446 447 449 450
334 338 341 343 345 368 371 373 375 377 379 381 382 384 385 403 406 408 410 412 414 416 417 419 420 437 439 441 442 444 445 446 448 449 450
335 339 342 344 345 369 372 374 375 378 380 381 383 384 385 404 407 409 410 413 415 416 418 419 420 438 440 441 443 444 445 447 448 449 450
331 346 347 348 349 366 367 368 369 386 387 388 389 390 391 401 402 403 404 421 422 423 424 425 426 436 437 438 439 440 441 451 452 453 454
332 346 350 351 352 366 370 371 372 386 387 388 392 393 394 401 405 406 407 421 422 423 427 428 429 436 437 438 442 443 444 451 452 453 455
333 347 350 353 354 367 370 373 374 386 389 390 392 393 395 402 405 408 409 421 424 425 427 428 430 436 439 440 442 443 445 451 452 454 455
334 348 351 353 355 368 371 373 375 387 389 391 392 394 395 403 406 408 410 422 424 426 427 429 430 437 439 441 442 444 445 451 453 454 455
335 349 352 354 355 369 372 374 375 388 390 391 393 394 395 404 407 409 410 423 425 426 428 429 430 438 440 441 443 444 445 452 453 454 455
336 346 356 357 358 366 376 377 378 386 387 388 396 397 398 401 411 412 413 421 422 423 431 432 433 436 437 438 446 447 448 451 452 453 456
337 347 356 359 360 367 376 379 380 386 389 390 396 397 399 402 411 414 415 421 424 425 431 432 434 436 439 440 446 447 449 451 452 454 456
338 348 357 359 361 368 377 379 381 387 389 391 396 398 399 403 412 414 416 422 424 426 431 433 434 437 439 441 446 448 449 451 453 454 456
339 349 358 360 361 369 378 380 381 388 390 391 397 398 399 404 413 415 416 423 425 426 432 433 434 438 440 441 447 448 449 452 453 454 456
340 350 356 362 363 370 376 382 383 386 392 393 396 397 400 405 411 417 418 421 427 428 431 432 435 436 442 443 446 447 450 451 452 455 456
341 351 357 362 364 371 377 382 384 387 392 394 396 398 400 406 412 417 419 422 427 429 431 433 435 437 442 444 446 448 450 451 453 455 456
342 352 358 363 364 372 378 383 384 388 393 394 397 398 400 407 413 418 419 423 428 429 432 433 435 438 443 444 447 448 450 452 453 455 456
343 353 359 362 365 373 379 382 385 389 392 395 396 399 400 408 414 417 420 424 427 430 431 434 435 439 442 445 446 449 450 451 454 455 456
344 354 360 363 365 374 380 383 385 390 393 395 397 399 400 409 415 418 420 425 428 430 432 434 435 440 443 445 447 449 450 452 454 455 456
345 355 361 364 365 375 381 384 385 391 394 395 398 399 400 410 416 419 420 426 429 430 433 434 435 441 444 445 448 449 450 453 454 455 456
331 332 333 334 335 336 337 338 339 340 341 342 343 344 345 457 458 459 460 461 462 463 464 465 466 467 468 469 470 471 472 473 474 475 476
331 332 333 334 335 346 347 348 349 350 351 352 353 354 355 457 458 459 460 461 462 463 464 465 466 477 478 479 480 481 482 483 484 485 486
331 336 337 338 339 346 347 348 349 356 357 358 359 360 361 457 458 459 460 467 468 469 470 471 472 477 478 479 480 481 482 487 488 489 490
332 336 340 341 342 346 350 351 352 356 357 358 362 363 364 457 461 462 463 467 468 469 473 474 475 477 478 479 483 484 485 487 488 489 491
333 337 340 343 344 347 350 353 354 356 359 360 362 363 365 458 461 464 465 467 470 471 473 474 476 477 480 481 483 484 486 487 488 490 491
334 338 341 343 345 348 351 353 355 357 359 361 362 364 365 459 462 464 466 468 470 472 473 475 476 478 480 482 483 485 486 487 489 490 491
335 339 342 344 345 349 352 354 355 358 360 361 363 364 365 460 463 465 466 469 471 472 474 475 476 479 481 482 484 485 486 488 489 490 491
331 332 333 334 335 366 367 368 369 370 371 372 373 374 375 457 458 459 460 461 462 463 464 465 466 492 493 494 495 496 497 498 499 500 501
331 336 337 338 339 366 367 368 369 376 377 378 379 380 381 457 458 459 460 467 468 469 470 471 472 492 493 494 495 496 497 502 503 504 505
332 336 340 341 342 366 370 371 372 376 377 378 382 383 384 457 461 462 463 467 468 469 473 474 475 492 493 494 498 499 500 502 503 504 506
333 337 340 343 344 367 370 373 374 376 379 380 382 383 385 458 461 464 465 467 470 471 473 474 476 492 495 496 498 499 501 502 503 505 506
334 338 341 343 345 368 371 373 375 377 379 381 382 384 385 459 462 464 466 468 470 472 473 475 476 493 495 497 498 500 501 502 504 505 506
335 339 342 344 345 369 372 374 375 378 380 381 383 384 385 460 463 465 466 469 471 472 474 475 476 494 496 497 499 500 501 503 504 505 506
331 346 347 348 349 366 367 368 369 386 387 388 389 390 391 457 458 459 460 477 478 479 480 481 482 492 493 494 495 496 497 507 508 509 510
332 346 350 351 352 366 370 371 372 386 387 388 392 393 394 457 461 462 463 477 478 479 483 484 485 492 493 494 498 499 500 507 508 509 511
333 347 350 353 354 367 370 373 374 386 389 390 392 393 395 458 461 464 465 477 480 481 483 484 486 492 495 496 498 499 501 507 508 510 511
334 348 351 353 355 368 371 373 375 387 389 391 392 394 395 459 462 464 466 478 480 482 483 485 486 493 495 497 498 500 501 507 509 510 511
335 349 352 354 355 369 372 374 375 388 390 391 393 394 395 460 463 465 466 479 481 482 484 485 486 494 496 497 499 500 501 508 509 510 511
336 346 356 357 358 366 376 377 378 386 387 388 396 397 398 457 467 468 469 477 478 479 487 488 489 492 493 494 502 503 504 507 508 509 512
337 347 356 359 360 367 376 379 380 386 389 390 396 397 399 458 467 470 471 477 480 481 487 488 490 492 495 496 502 503 505 507 508 510 512
338 348 357 359 361 368 377 379 381 387 389 391 396 398 399 459 468 470 472 478 480 482 487 489 490 493 495 497 502 504 505 507 509 510 512
339 349 358 360 361 369 378 380 381 388 390 391 397 398 399 460 469 471 472 479 481 482 488 489 490 494 496 497 503 504 505 508 509 510 512
340 350 356 362 363 370 376 382 383 386 392 393 396 397 400 461 467 473 474 477 483 484 487 488 491 492 498 499 502 503 506 507 508 511 512
341 351 357 362 364 371 377 382 384 387 392 394 396 398 400 462 468 473 475 478 483 485 487 489 491 493 498 500 502 504 506 507 509 511 512
342 352 358 363 364 372 378 383 384 388 393 394 397 398 400 463 469 474 475 479 484 485 488 489 491 494 499 500 503 504 506 508 509 511 512
343 353 359 362 365 373 379 382 385 389 392 395 396 399 400 464 470 473 476 480 483 486 487 490 491 495 498 501 502 505 506 507 510 511 512
344 354 360 363 365 374 380 383 385 390 393 395 397 399 400 465 471 474 476 481 484 486 488 490 491 496 499 501 503 505 506 508 510 511 512
345 355 361 364 365 375 381 384 385 391 394 395 398 399 400 466 472 475 476 482 485 486 489 490 491 497 500 501 504 505 506 509 510 511 512
331 332 333 334 335 401 402 403 404 405 406 407 408 409 410 457 458 459 460 461 462 463 464 465 466 513 514 515 516 517 518 519 520 521 522
331 336 337 338 339 401 402 403 404 411 412 413 414 415 416 457 458 459 460 467 468 469 470 471 472 513 514 515 516 517 518 523 524 525 526
332 336 340 341 342 401 405 406 407 411 412 413 417 418 419 457 461 462 463 467 468 469 473 474 475 513 514 515 519 520 521 523 524 525 527
333 337 340 343 344 402 405 408 409 411 414 415 417 418 420 458 461 464 465 467 470 471 473 474 476 513 516 517 519 520 522 523 524 526 527
334 338 341 343 345 403 406 408 410 412 414 416 417 419 420 459 462 464 466 468 470 472 473 475 476 514 516 518 519 521 522 523 525 526 527
335 339 342 344 345 404 407 409 410 413 415 416 418 419 420 460 463 465 466 469 471 472 474 475 476 515 517 518 520 521 522 524 525 526 527
331 346 347 348 349 401 402 403 404 421 422 423 424 425 426 457 458 459 460 477 478 479 480 481 482 513 514 515 516 517 518 528 529 530 531
332 346 350 351 352 401 405 406 407 421 422 423 427 428 429 457 461 462 463 477 478 479 483 484 485 513 514 515 519 520 521 528 529 530 532
333 347 350 353 354 402 405 408 409 421 424 425 427 428 430 458 461 464 465 477 480 481 483 484 486 513 516 517 519 520 522 528 529 531 532
334 348 351 353 355 403 406 408 410 422 424 426 427 429 430 459 462 464 466 478 480 482 483 485 486 514 516 518 519 521 522 528 530 531 532
335 349 352 354 355 404 407 409 410 423 425 426 428 429 430 460 463 465 466 479 481 482 484 485 486 515 517 518 520 521 522 529 530 531 532
336 346 356 357 358 401 411 412 413 421 422 423 431 432 433 457 467 468 469 477 478 479 487 488 489 513 514 515 523 524 525 528 529 530 533
337 347 356 359 360 402 411 414 415 421 424 425 431 432 434 458 467 470 471 477 480 481 487 488 490 513 516 517 523 524 526 528 529 531 533
338 348 357 359 361 403 412 414 416 422 424 426 431 433 434 459 468 470 472 478 480 482 487 489 490 514 516 518 523 525 526 528 530 531 533
339 349 358 360 361 404 413 415 416 423 425 426 432 433 434 460 469 471 472 479 481 482 488 489 490 515 517 518 524 525 526 529 530 531 533
340 350 356 362 363 405 411 417 418 421 427 428 431 432 435 461 467 473 474 477 483 484 487 488 491 513 519 520 523 524 527 528 529 532 533
341 351 357 362 364 406 412 417 419 422 427 429 431 433 435 462 468 473 475 478 483 485 487 489 491 514 519 521 523 525 527 528 530 532 533
342 352 358 363 364 407 413 418 419 423 428 429 432 433 435 463 469 474 475 479 484 485 488 489 491 515 520 521 524 525 527 529 530 532 533
343 353 359 362 365 408 414 417 420 424 427 430 431 434 435 464 470 473 476 480 483 486 487 490 491 516 519 522 523 526 527 528 531 532 533
344 354 360 363 365 409 415 418 420 425 428 430 432 434 435 465 471 474 476 481 484 486 488 490 491 517 520 522 524 526 527 529 531 532 533
345 355 361 364 365 410 416 419 420 426 429 430 433 434 435 466 472 475 476 482 485 486 489 490 491 518 521 522 525 526 527 530 531 532 533
331 366 367 368 369 401 402 403 404 436 437 438 439 440 441 457 458 459 460 492 493 494 495 496 497 513 514 515 516 517 518 534 535 536 537
332 366 370 371 372 401 405 406 407 436 437 438 442 443 444 457 461 462 463 492 493 494 498 499 500 513 514 515 519 520 521 534 535 536 538
333 367 370 373 374 402 405 408 409 436 439 440 442 443 445 458 461 464 465 492 495 496 498 499 501 513 516 517 519 520 522 534 535 537 538
334 368 371 373 375 403 406 408 410 437 439 441 442 444 445 459 462 464 466 493 495 497 498 500 501 514 516 518 519 521 522 534 536 537 538
335 369 372 374 375 404 407 409 410 438 440 441 443 444 445 460 463 465 466 494 496 497 499 500 501 515 517 518 520 521 522 535 536 537 538
336 366 376 377 378 401 411 412 413 436 437 438 446 447 448 457 467 468 469 492 493 494 502 503 504 513 514 515 523 524 525 534 535 536 539
337 367 376 379 380 402 411 414 415 436 439 440 446 447 449 458 467 470 471 492 495 496 502 503 505 513 516 517 523 524 526 534 535 537 539
338 368 377 379 381 403 412 414 416 437 439 441 446 448 449 459 468 470 472 493 495 497 502 504 505 514 516 518 523 525 526 534 536 537 539
339 369 378 380 381 404 413 415 416 438 440 441 447 448 449 460 469 471 472 494 496 497 503 504 505 515 517 518 524 525 526 535 536 537 539
340 370 376 382 383 405 411 417 418 436 442 443 446 447 450 461 467 473 474 492 498 499 502 503 506 513 519 520 523 524 527 534 535 538 539
341 371 377 382 384 406 412 417 419 437 442 444 446 448 450 462 468 473 475 493 498 500 502 504 506 514 519 521 523 525 527 534 536 538 539
342 372 378 383 384 407 413 418 419 438 443 444 447 448 450 463 469 474 475 494 499 500 503 504 506 515 520 521 524 525 527 535 536 538 539
343 373 379 382 385 408 414 417 420 439 442 445 446 449 450 464 470 473 476 495 498 501 502 505 506 516 519 522 523 526 527 534 537 538 539
344 374 380 383 385 409 415 418 420 440 443 445 447 449 450 465 471 474 476 496 499 501 503 505 506 517 520 522 524 526 527 535 537 538 539
345 375 381 384 385 410 416 419 420 441 444 445 448 449 450 466 472 475 476 497 500 501 504 505 506 518 521 522 525 526 527 536 537 538 539
346 366 386 387 388 401 421 422 423 436 437 438 451 452 453 457 477 478 479 492 493 494 507 508 509 513 514 515 528 529 530 534 535 536 540
347 367 386 389 390 402 421 424 425 436 439 440 451 452 454 458 477 480 481 492 495 496 507 508 510 513 516 517 528 529 531 534 535 537 540
348 368 387 389 391 403 422 424 426 437 439 441 451 453 454 459 478 480 482 493 495 497 507 509 510 514 516 518 528 530 531 534 536 537 540
349 369 388 390 391 404 423 425 426 438 440 441 452 453 454 460 479 481 482 494 496 497 508 509 510 515 517 518 529 530 531 535 536 537 540
350 370 386 392 393 405 421 427 428 436 442 443 451 452 455 461 477 483 484 492 498 499 507 508 511 513 519 520 528 529 532 534 535 538 540
351 371 387 392 394 406 422 427 429 437 442 444 451 453 455 462 478 483 485 493 498 500 507 509 511 514 519 521 528 530 532 534 536 538 540
352 372 388 393 394 407 423 428 429 438 443 444 452 453 455 463 479 484 485 494 499 500 508 509 511 515 520 521 529 530 532 535 536 538 540
353 373 389 392 395 408 424 427 430 439 442 445 451 454 455 464 480 483 486 495 498 501 507 510 511 516 519 522 528 531 532 534 537 538 540
354 374 390 393 395 409 425 428 430 440 443 445 452 454 455 465 481 484 486 496 499 501 508 510 511 517 520 522 529 531 532 535 537 538 540
355 375 391 394 395 410 426 429 430 441 444 445 453 454 455 466 482 485 486 497 500 501 509 510 511 518 521 522 530 531 532 536 537 538 540
356 376 386 396 397 411 421 431 432 436 446 447 451 452 456 467 477 487 488 492 502 503 507 508 512 513 523 524 528 529 533 534 535 539 540
357 377 387 396 398 412 422 431 433 437 446 448 451 453 456 468 478 487 489 493 502 504 507 509 512 514 523 525 528 530 533 534 536 539 540
358 378 388 397 398 413 423 432 433 438 447 448 452 453 456 469 479 488 489 494 503 504 508 509 512 515 524 525 529 530 533 535 536 539 540
359 379 389 396 399 414 424 431 434 439 446 449 451 454 456 470 480 487 490 495 502 505 507 510 512 516 523 526 528 531 533 534 537 539 540
360 380 390 397 399 415 425 432 434 440 447 449 452 454 456 471 481 488 490 496 503 505 508 510 512 517 524 526 529 531 533 535 537 539 540
361 381 391 398 399 416 426 433 434 441 448 449 453 454 456 472 482 489 490 497 504 505 509 510 512 518 525 526 530 531 533 536 537 539 540
362 382 392 396 400 417 427 431 435 442 446 450 451 455 456 473 483 487 491 498 502 506 507 511 512 519 523 527 528 532 533 534 538 539 540
363 383 393 397 400 418 428 432 435 443 447 450 452 455 456 474 484 488 491 499 503 506 508 511 512 520 524 527 529 532 533 535 538 539 540
364 384 394 398 400 419 429 433 435 444 448 450 453 455 456 475 485 489 491 500 504 506 509 511 512 521 525 527 530 532 533 536 538 539 540
365 385 395 399 400 420 430 434 435 445 449 450 454 455 456 476 486 490 491 501 505 506 510 511 512 522 526 527 531 532 533 537 538 539 540
331 332 333 334 335 336 337 338 339 340 341 342 343 344 345 541 542 543 544 545 546 547 548 549 550 551 552 553 554 555 556 557 558 559 560
331 332 333 334 335 346 347 348 349 350 351 352 353 354 355 541 542 543 544 545 546 547 548 549 550 561 562 563 564 565 566 567 568 569 570
331 336 337 338 339 346 347 348 349 356 357 358 359 360 361 541 542 543 544 551 552 553 554 555 556 561 562 563 564 565 566 571 572 573 574
332 336 340 341 342 346 350 351 352 356 357 358 362 363 364 541 545 546 547 551 552 553 557 558 559 561 562 563 567 568 569 571 572 573 575
333 337 340 343 344 347 350 353 354 356 359 360 362 363 365 542 545 548 549 551 554 555 557 558 560 561 564 565 567 568 570 571 572 574 575
334 338 341 343 345 348 351 353 355 357 359 361 362 364 365 543 546 548 550 552 554 556 557 559 560 562 564 566 567 569 570 571 573 574 575
335 339 342 344 345 349 352 354 355 358 360 361 363 364 365 544 547 549 550 553 555 556 558 559 560 563 565 566 568 569 570 572 573 574 575
331 332 333 334 335 366 367 368 369 370 371 372 373 374 375 541 542 543 544 545 546 547 548 549 550 576 577 578 579 580 581 582 583 584 585
331 336 337 338 339 366 367 368 369 376 377 378 379 380 381 541 542 543 544 551 552 553 554 555 556 576 577 578 579 580 581 586 587 588 589
332 336 340 341 342 366 370 371 372 376 377 378 382 383 384 541 545 546 547 551 552 553 557 558 559 576 577 578 582 583 584 586 587 588 590
333 337 340 343 344 367 370 373 374 376 379 380 382 383 385 542 545 548 549 551 554 555 557 558 560 576 579 580 582 583 585 586 587 589 590
334 338 341 343 345 368 371 373 375 377 379 381 382 384 385 543 546 548 550 552 554 556 557 559 560 577 579 581 582 584 585 586 588 589 590
335 339 342 344 345 369 372 374 375 378 380 381 383 384 385 544 547 549 550 553 555 556 558 559 560 578 580 581 583 584 585 587 588 589 590
331 346 347 348 349 366 367 368 369 386 387 388 389 390 391 541 542 543 544 561 562 563 564 565 566 576 577 578 579 580 581 591 592 593 594
332 346 350 351 352 366 370 371 372 386 387 388 392 393 394 541 545 546 547 561 562 563 567 568 569 576 577 578 582 583 584 591 592 593 595
333 347 350 353 354 367 370 373 374 386 389 390 392 393 395 542 545 548 549 561 564 565 567 568 570 576 579 580 582 583 585 591 592 594 595
334 348 351 353 355 368 371 373 375 387 389 391 392 394 395 543 546 548 550 562 564 566 567 569 570 577 579 581 582 584 585 591 593 594 595
335 349 352 354 355 369 372 374 375 388 390 391 393 394 395 544 547 549 550 563 565 566 568 569 570 578 580 581 583 584 585 592 593 594 595
336 346 356 357 358 366 376 377 378 386 387 388 396 397 398 541 551 552 553 561 562 563 571 572 573 576 577 578 586 587 588 591 592 593 596
337 347 356 359 360 367 376 379 380 386 389 390 396 397 399 542 551 554 555 561 564 565 571 572 574 576 579 580 586 587 589 591 592 594 596
338 348 357 359 361 368 377 379 381 387 389 391 396 398 399 543 552 554 556 562 564 566 571 573 574 577 579 581 586 588 589 591 593 594 596
339 349 358 360 361 369 378 380 381 388 390 391 397 398 399 544 553 555 556 563 565 566 572 573 574 578 580 581 587 588 589 592 593 594 596
340 350 356 362 363 370 376 382 383 386 392 393 396 397 400 545 551 557 558 561 567 568 571 572 575 576 582 583 586 587 590 591 592 595 596
341 351 357 362 364 371 377 382 384 387 392 394 396 398 400 546 552 557 559 562 567 569 571 573 575 577 582 584 586 588 590 591 593 595 596
342 352 358 363 364 372 378 383 384 388 393 394 397 398 400 547 553 558 559 563 568 569 572 573 575 578 583 584 587 588 590 592 593 595 596
343 353 359 362 365 373 379 382 385 389 392 395 396 399 400 548 554 557 560 564 567 570 571 574 575 579 582 585 586 589 590 591 594 595 596
344 354 360 363 365 374 380 383 385 390 393 395 397 399 400 549 555 558 560 565 568 570 572 574 575 580 583 585 587 589 590 592 594 595 596
345 355 361 364 365 375 381 384 385 391 394 395 398 399 400 550 556 559 560 566 569 570 573 574 575 581 584 585 588 589 590 593 594 595 596
331 332 333 334 335 401 402 403 404 405 406 407 408 409 410 541 542 543 544 545 546 547 548 549 550 597 598 599 600 601 602 603 604 605 606
331 336 337 338 339 401 402 403 404 411 412 413 414 415 416 541 542 543 544 551 552 553 554 555 556 597 598 599 600 601 602 607 608 609 610
332 336 340 341 342 401 405 406 407 411 412 413 417 418 419 541 545 546 547 551 552 553 557 558 559 597 598 599 603 604 605 607 608 609 611
333 337 340 343 344 402 405 408 409 411 414 415 417 418 420 542 545 548 549 551 554 555 557 558 560 597 600 601 603 604 606 607 608 610 611
334 338 341 343 345 403 406 408 410 412 414 416 417 419 420 543 546 548 550 552 554 556 557 559 560 598 600 602 603 605 606 607 609 610 611
335 339 342 344 345 404 407 409 410 413 415 416 418 419 420 544 547 549 550 553 555 556 558 559 560 599 601 602 604 605 606 608 609 610 611
331 346 347 348 349 401 402 403 404 421 422 423 424 425 426 541 542 543 544 561 562 563 564 565 566 597 598 599 600 601 602 612 613 614 615
332 346 350 351 352 401 405 406 407 421 422 423 427 428 429 541 545 546 547 561 562 563 567 568 569 597 598 599 603 604 605 612 613 614 616
333 347 350 353 354 402 405 408 409 421 424 425 427 428 430 542 545 548 549 561 564 565 567 568 570 597 600 601 603 604 606 612 613 615 616
334 348 351 353 355 403 406 408 410 422 424 426 427 429 430 543 546 548 550 562 564 566 567 569 570 598 600 602 603 605 606 612 614 615 616
335 349 352 354 355 404 407 409 410 423 425 426 428 429 430 544 547 549 550 563 565 566 568 569 570 599 601 602 604 605 606 613 614 615 616
336 346 356 357 358 401 411 412 413 421 422 423 431 432 433 541 551 552 553 561 562 563 571 572 573 597 598 599 607 608 609 612 613 614 617
337 347 356 359 360 402 411 414 415 421 424 425 431 432 434 542 551 554 555 561 564 565 571 572 574 597 600 601 607 608 610 612 613 615 617
338 348 357 359 361 403 412 414 416 422 424 426 431 433 434 543 552 554 556 562 564 566 571 573 574 598 600 602 607 609 610 612 614 615 617
339 349 358 360 361 404 413 415 416 423 425 426 432 433 434 544 553 555 556 563 565 566 572 573 574 599 601 602 608 609 610 613 614 615 617
340 350 356 362 363 405 411 417 418 421 427 428 431 432 435 545 551 557 558 561 567 568 571 572 575 597 603 604 607 608 611 612 613 616 617
341 351 357 362 364 406 412 417 419 422 427 429 431 433 435 546 552 557 559 562 567 569 571 573 575 598 603 605 607 609 611 612 614 616 617
342 352 358 363 364 407 413 418 419 423 428 429 432 433 435 547 553 558 559 563 568 569 572 573 575 599 604 605 608 609 611 613 614 616 617
343 353 359 362 365 408 414 417 420 424 427 430 431 434 435 548 554 557 560 564 567 570 571 574 575 600 603 606 607 610 611 612 615 616 617
344 354 360 363 365 409 415 418 420 425 428 430 432 434 435 549 555 558 560 565 568 570 572 574 575 601 604 606 608 610 611 613 615 616 617
345 355 361 364 365 410 416 419 420 426 429 430 433 434 435 550 556 559 560 566 569 570 573 574 575 602 605 606 609 610 611 614 615 616 617
331 366 367 368 369 401 402 403 404 436 437 438 439 440 441 541 542 543 544 576 577 578 579 580 581 597 598 599 600 601 602 618 619 620 621
332 366 370 371 372 401 405 406 407 436 437 438 442 443 444 541 545 546 547 576 577 578 582 583 584 597 598 599 603 604 605 618 619 620 622
333 367 370 373 374 402 405 408 409 436 439 440 442 443 445 542 545 548 549 576 579 580 582 583 585 597 600 601 603 604 606 618 619 621 622
334 368 371 373 375 403 406 408 410 437 439 441 442 444 445 543 546 548 550 577 579 581 582 584 585 598 600 602 603 605 606 618 620 621 622
335 369 372 374 375 404 407 409 410 438 440 441 443 444 445 544 547 549 550 578 580 581 583 584 585 599 601 602 604 605 606 619 620 621 622
336 366 376 377 378 401 411 412 413 436 437 438 446 447 448 541 551 552 553 576 577 578 586 587 588 597 598 599 607 608 609 618 619 620 623
337 367 376 379 380 402 411 414 415 436 439 440 446 447 449 542 551 554 555 576 579 580 586 587 589 597 600 601 607 608 610 618 619 621 623
338 368 377 379 381 403 412 414 416 437 439 441 446 448 449 543 552 554 556 577 579 581 586 588 589 598 600 602 607 609 610 618 620 621 623
339 369 378 380 381 404 413 415 416 438 440 441 447 448 449 544 553 555 556 578 580 581 587 588 589 599 601 602 608 609 610 619 620 621 623
340 370 376 382 383 405 411 417 418 436 442 443 446 447 450 545 551 557 558 576 582 583 586 587 590 597 603 604 607 608 611 618 619 622 623
341 371 377 382 384 406 412 417 419 437 442 444 446 448 450 546 552 557 559 577 582 584 586 588 590 598 603 605 607 609 611 618 620 622 623
342 372 378 383 384 407 413 418 419 438 443 444 447 448 450 547 553 558 559 578 583 584 587 588 590 599 604 605 608 609 611 619 620 622 623
343 373 379 382 385 408 414 417 420 439 442 445 446 449 450 548 554 557 560 579 582 585 586 589 590 600 603 606 607 610 611 618 621 622 623
344 374 380 383 385 409 415 418 420 440 443 445 447 449 450 549 555 558 560 580 583 585 587 589 590 601 604 606 608 610 611 619 621 622 623
345 375 381 384 385 410 416 419 420 441 444 445 448 449 450 550 556 559 560 581 584 585 588 589 590 602 605 606 609 610 611 620 621 622 623
346 366 386 387 388 401 421 422 423 436 437 438 451 452 453 541 561 562 563 576 577 578 591 592 593 597 598 599 612 613 614 618 619 620 624
347 367 386 389 390 402 421 424 425 436 439 440 451 452 454 542 561 564 565 576 579 580 591 592 594 597 600 601 612 613 615 618 619 621 624
348 368 387 389 391 403 422 424 426 437 439 441 451 453 454 543 562 564 566 577 579 581 591 593 594 598 600 602 612 614 615 618 620 621 624
349 369 388 390 391 404 423 425 426 438 440 441 452 453 454 544 563 565 566 578 580 581 592 593 594 599 601 602 613 614 615 619 620 621 624
350 370 386 392 393 405 421 427 428 436 442 443 451 452 455 545 561 567 568 576 582 583 591 592 595 597 603 604 612 613 616 618 619 622 624
351 371 387 392 394 406 422 427 429 437 442 444 451 453 455 546 562 567 569 577 582 584 591 593 595 598 603 605 612 614 616 618 620 622 624
352 372 388 393 394 407 423 428 429 438 443 444 452 453 455 547 563 568 569 578 583 584 592 593 595 599 604 605 613 614 616 619 620 622 624
353 373 389 392 395 408 424 427 430 439 442 445 451 454 455 548 564 567 570 579 582 585 591 594 595 600 603 606 612 615 616 618 621 622 624
354 374 390 393 395 409 425 428 430 440 443 445 452 454 455 549 565 568 570 580 583 585 592 594 595 601 604 606 613 615 616 619 621 622 624
355 375 391 394 395 410 426 429 430 441 444 445 453 454 455 550 566 569 570 581 584 585 593 594 595 602 605 606 614 615 616 620 621 622 624
356 376 386 396 397 411 421 431 432 436 446 447 451 452 456 551 561 571 572 576 586 587 591 592 596 597 607 608 612 613 617 618 619 623 624
357 377 387 396 398 412 422 431 433 437 446 448 451 453 456 552 562 571 573 577 586 588 591 593 596 598 607 609 612 614 617 618 620 623 624
358 378 388 397 398 413 423 432 433 438 447 448 452 453 456 553 563 572 573 578 587 588 592 593 596 599 608 609 613 614 617 619 620 623 624
359 379 389 396 399 414 424 431 434 439 446 449 451 454 456 554 564 571 574 579 586 589 591 594 596 600 607 610 612 615 617 618 621 623 624
360 380 390 397 399 415 425 432 434 440 447 449 452 454 456 555 565 572 574 580 587 589 592 594 596 601 608 610 613 615 617 619 621 623 624
361 381 391 398 399 416 426 433 434 441 448 449 453 454 456 556 566 573 574 581 588 589 593 594 596 602 609 610 614 615 617 620 621 623 624
362 382 392 396 400 417 427 431 435 442 446 450 451 455 456 557 567 571 575 582 586 590 591 595 596 603 607 611 612 616 617 618 622 623 624
363 383 393 397 400 418 428 432 435 443 447 450 452 455 456 558 568 572 575 583 587 590 592 595 596 604 608 611 613 616 617 619 622 623 624
364 384 394 398 400 419 429 433 435 444 448 450 453 455 456 559 569 573 575 584 588 590 593 595 596 605 609 611 614 616 617 620 622 623 624
365 385 395 399 400 420 430 434 435 445 449 450 454 455 456 560 570 574 575 585 589 590 594 595 596 606 610 611 615 616 617 621 622 623 624
331 332 333 334 335 457 458 459 460 461 462 463 464 465 466 541 542 543 544 545 546 547 548 549 550 625 626 627 628 629 630 631 632 633 634
331 336 337 338 339 457 458 459 460 467 468 469 470 471 472 541 542 543 544 551 552 553 554 555 556 625 626 627 628 629 630 635 636 637 638
332 336 340 341 342 457 461 462 463 467 468 469 473 474 475 541 545 546 547 551 552 553 557 558 559 625 626 627 631 632 633 635 636 637 639
333 337 340 343 344 458 461 464 465 467 470 471 473 474 476 542 545 548 549 551 554 555 557 558 560 625 628 629 631 632 634 635 636 638 639
334 338 341 343 345 459 462 464 466 468 470 472 473 475 476 543 546 548 550 552 554 556 557 559 560 626 628 630 631 633 634 635 637 638 639
335 339 342 344 345 460 463 465 466 469 471 472 474 475 476 544 547 549 550 553 555 556 558 559 560 627 629 630 632 633 634 636 637 638 639
331 346 347 348 349 457 458 459 460 477 478 479 480 481 482 541 542 543 544 561 562 563 564 565 566 625 626 627 628 629 630 640 641 642 643
332 346 350 351 352 457 461 462 463 477 478 479 483 484 485 541 545 546 547 561 562 563 567 568 569 625 626 627 631 632 633 640 641 642 644
333 347 350 353 354 458 461 464 465 477 480 481 483 484 486 542 545 548 549 561 564 565 567 568 570 625 628 629 631 632 634 640 641 643 644
334 348 351 353 355 459 462 464 466 478 480 482 483 485 486 543 546 548 550 562 564 566 567 569 570 626 628 630 631 633 634 640 642 643 644
335 349 352 354 355 460 463 465 466 479 481 482 484 485 486 544 547 549 550 563 565 566 568 569 570 627 629 630 632 633 634 641 642 643 644
336 346 356 357 358 457 467 468 469 477 478 479 487 488 489 541 551 552 553 561 562 563 571 572 573 625 626 627 635 636 637 640 641 642 645
337 347 356 359 360 458 467 470 471 477 480 481 487 488 490 542 551 554 555 561 564 565 571 572 574 625 628 629 635 636 638 640 641 643 645
338 348 357 359 361 459 468 470 472 478 480 482 487 489 490 543 552 554 556 562 564 566 571 573 574 626 628 630 635 637 638 640 642 643 645
339 349 358 360 361 460 469 471 472 479 481 482 488 489 490 544 553 555 556 563 565 566 572 573 574 627 629 630 636 637 638 641 642 643 645
340 350 356 362 363 461 467 473 474 477 483 484 487 488 491 545 551 557 558 561 567 568 571 572 575 625 631 632 635 636 639 640 641 644 645
341 351 357 362 364 462 468 473 475 478 483 485 487 489 491 546 552 557 559 562 567 569 571 573 575 626 631 633 635 637 639 640 642 644 645
342 352 358 363 364 463 469 474 475 479 484 485 488 489 491 547 553 558 559 563 568 569 572 573 575 627 632 633 636 637 639 641 642 644 645
343 353 359 362 365 464 470 473 476 480 483 486 487 490 491 548 554 557 560 564 567 570 571 574 575 628 631 634 635 638 639 640 643 644 645
344 354 360 363 365 465 471 474 476 481 484 486 488 490 491 549 555 558 560 565 568 570 572 574 575 629 632 634 636 638 639 641 643 644 645
345 355 361 364 365 466 472 475 476 482 485 486 489 490 491 550 556 559 560 566 569 570 573 574 575 630 633 634 637 638 639 642 643 644 645
331 366 367 368 369 457 458 459 460 492 493 494 495 496 497 541 542 543 544 576 577 578 579 580 581 625 626 627 628 629 630 646 647 648 649
332 366 370 371 372 457 461 462 463 492 493 494 498 499 500 541 545 546 547 576 577 578 582 583 584 625 626 627 631 632 633 646 647 648 650
333 367 370 373 374 458 461 464 465 492 495 496 498 499 501 542 545 548 549 576 579 580 582 583 585 625 628 629 631 632 634 646 647 649 650
334 368 371 373 375 459 462 464 466 493 495 497 498 500 501 543 546 548 550 577 579 581 582 584 585 626 628 630 631 633 634 646 648 649 650
335 369 372 374 375 460 463 465 466 494 496 497 499 500 501 544 547 549 550 578 580 581 583 584 585 627 629 630 632 633 634 647 648 649 650
336 366 376 377 378 457 467 468 469 492 493 494 502 503 504 541 551 552 553 576 577 578 586 587 588 625 626 627 635 636 637 646 647 648 651
337 367 376 379 380 458 467 470 471 492 495 496 502 503 505 542 551 554 555 576 579 580 586 587 589 625 628 629 635 636 638 646 647 649 651
338 368 377 379 381 459 468 470 472 493 495 497 502 504 505 543 552 554 556 577 579 581 586 588 589 626 628 630 635 637 638 646 648 649 651
339 369 378 380 381 460 469 471 472 494 496 497 503 504 505 544 553 555 556 578 580 581 587 588 589 627 629 630 636 637 638 647 648 649 651
340 370 376 382 383 461 467 473 474 492 498 499 502 503 506 545 551 557 558 576 582 583 586 587 590 625 631 632 635 636 639 646 647 650 651
341 371 377 382 384 462 468 473 475 493 498 500 502 504 506 546 552 557 559 577 582 584 586 588 590 626 631 633 635 637 639 646 648 650 651
342 372 378 383 384 463 469 474 475 494 499 500 503 504 506 547 553 558 559 578 583 584 587 588 590 627 632 633 636 637 639 647 648 650 651
343 373 379 382 385 464 470 473 476 495 498 501 502 505 506 548 554 557 560 579 582 585 586 589 590 628 631 634 635 638 639 646 649 650 651
344 374 380 383 385 465 471 474 476 496 499 501 503 505 506 549 555 558 560 580 583 585 587 589 590 629 632 634 636 638 639 647 649 650 651
345 375 381 384 385 466 472 475 476 497 500 501 504 505 506 550 556 559 560 581 584 585 588 589 590 630 633 634 637 638 639 648 649 650 651
346 366 386 387 388 457 477 478 479 492 493 494 507 508 509 541 561 562 563 576 577 578 591 592 593 625 626 627 640 641 642 646 647 648 652
347 367 386 389 390 458 477 480 481 492 495 496 507 508 510 542 561 564 565 576 579 580 591 592 594 625 628 629 640 641 643 646 647 649 652
348 368 387 389 391 459 478 480 482 493 495 497 507 509 510 543 562 564 566 577 579 581 591 593 594 626 628 630 640 642 643 646 648 649 652
349 369 388 390 391 460 479 481 482 494 496 497 508 509 510 544 563 565 566 578 580 581 592 593 594 627 629 630 641 642 643 647 648 649 652
350 370 386 392 393 461 477 483 484 492 498 499 507 508 511 545 561 567 568 576 582 583 591 592 595 625 631 632 640 641 644 646 647 650 652
351 371 387 392 394 462 478 483 485 493 498 500 507 509 511 546 562 567 569 577 582 584 591 593 595 626 631 633 640 642 644 646 648 650 652
352 372 388 393 394 463 479 484 485 494 499 500 508 509 511 547 563 568 569 578 583 584 592 593 595 627 632 633 641 642 644 647 648 650 652
353 373 389 392 395 464 480 483 486 495 498 501 507 510 511 548 564 567 570 579 582 585 591 594 595 628 631 634 640 643 644 646 649 650 652
354 374 390 393 395 465 481 484 486 496 499 501 508 510 511 549 565 568 570 580 583 585 592 594 595 629 632 634 641 643 644 647 649 650 652
355 375 391 394 395 466 482 485 486 497 500 501 509 510 511 550 566 569 570 581 584 585 593 594 595 630 633 634 642 643 644 648 649 650 652
356 376 386 396 397 467 477 487 488 492 502 503 507 508 512 551 561 571 572 576 586 587 591 592 596 625 635 636 640 641 645 646 647 651 652
357 377 387 396 398 468 478 487 489 493 502 504 507 509 512 552 562 571 573 577 586 588 591 593 596 626 635 637 640 642 645 646 648 651 652
358 378 388 397 398 469 479 488 489 494 503 504 508 509 512 553 563 572 573 578 587 588 592 593 596 627 636 637 641 642 645 647 648 651 652
359 379 389 396 399 470 480 487 490 495 502 505 507 510 512 554 564 571 574 579 586 589 591 594 596 628 635 638 640 643 645 646 649 651 652
360 380 390 397 399 471 481 488 490 496 503 505 508 510 512 555 565 572 574 580 587 589 592 594 596 629 636 638 641 643 645 647 649 651 652
361 381 391 398 399 472 482 489 490 497 504 505 509 510 512 556 566 573 574 581 588 589 593 594 596 630 637 638 642 643 645 648 649 651 652
362 382 392 396 400 473 483 487 491 498 502 506 507 511 512 557 567 571 575 582 586 590 591 595 596 631 635 639 640 644 645 646 650 651 652
363 383 393 397 400 474 484 488 491 499 503 506 508 511 512 558 568 572 575 583 587 590 592 595 596 632 636 639 641 644 645 647 650 651 652
364 384 394 398 400 475 485 489 491 500 504 506 509 511 512 559 569 573 575 584 588 590 593 595 596 633 637 639 642 644 645 648 650 651 652
365 385 395 399 400 476 486 490 491 501 505 506 510 511 512 560 570 574 575 585 589 590 594 595 596 634 638 639 643 644 645 649 650 651 652
331 401 402 403 404 457 458 459 460 513 514 515 516 517 518 541 542 543 544 597 598 599 600 601 602 625 626 627 628 629 630 653 654 655 656
332 401 405 406 407 457 461 462 463 513 514 515 519 520 521 541 545 546 547 597 598 599 603 604 605 625 626 627 631 632 633 653 654 655 657
333 402 405 408 409 458 461 464 465 513 516 517 519 520 522 542 545 548 549 597 600 601 603 604 606 625 628 629 631 632 634 653 654 656 657
334 403 406 408 410 459 462 464 466 514 516 518 519 521 522 543 546 548 550 598 600 602 603 605 606 626 628 630 631 633 634 653 655 656 657
335 404 407 409 410 460 463 465 466 515 517 518 520 521 522 544 547 549 550 599 601 602 604 605 606 627 629 630 632 633 634 654 655 656 657
336 401 411 412 413 457 467 468 469 513 514 515 523 524 525 541 551 552 553 597 598 599 607 608 609 625 626 627 635 636 637 653 654 655 658
337 402 411 414 415 458 467 470 471 513 516 517 523 524 526 542 551 554 555 597 600 601 607 608 610 625 628 629 635 636 638 653 654 656 658
338 403 412 414 416 459 468 470 472 514 516 518 523 525 526 543 552 554 556 598 600 602 607 609 610 626 628 630 635 637 638 653 655 656 658
339 404 413 415 416 460 469 471 472 515 517 518 524 525 526 544 553 555 556 599 601 602 608 609 610 627 629 630 636 637 638 654 655 656 658
340 405 411 417 418 461 467 473 474 513 519 520 523 524 527 545 551 557 558 597 603 604 607 608 611 625 631 632 635 636 639 653 654 657 658
341 406 412 417 419 462 468 473 475 514 519 521 523 525 527 546 552 557 559 598 603 605 607 609 611 626 631 633 635 637 639 653 655 657 658
342 407 413 418 419 463 469 474 475 515 520 521 524 525 527 547 553 558 559 599 604 605 608 609 611 627 632 633 636 637 639 654 655 657 658
343 408 414 417 420 464 470 473 476 516 519 522 523 526 527 548 554 557 560 600 603 606 607 610 611 628 631 634 635 638 639 653 656 657 658
344 409 415 418 420 465 471 474 476 517 520 522 524 526 527 549 555 558 560 601 604 606 608 610 611 629 632 634 636 638 639 654 656 657 658
345 410 416 419 420 466 472 475 476 518 521 522 525 526 527 550 556 559 560 602 605 606 609 610 611 630 633 634 637 638 639 655 656 657 658
346 401 421 422 423 457 477 478 479 513 514 515 528 529 530 541 561 562 563 597 598 599 612 613 614 625 626 627 640 641 642 653 654 655 659
347 402 421 424 425 458 477 480 481 513 516 517 528 529 531 542 561 564 565 597 600 601 612 613 615 625 628 629 640 641 643 653 654 656 659
348 403 422 424 426 459 478 480 482 514 516 518 528 530 531 543 562 564 566 598 600 602 612 614 615 626 628 630 640 642 643 653 655 656 659
349 404 423 425 426 460 479 481 482 515 517 518 529 530 531 544 563 565 566 599 601 602 613 614 615 627 629 630 641 642 643 654 655 656 659
350 405 421 427 428 461 477 483 484 513 519 520 528 529 532 545 561 567 568 597 603 604 612 613 616 625 631 632 640 641 644 653 654 657 659
351 406 422 427 429 462 478 483 485 514 519 521 528 530 532 546 562 567 569 598 603 605 612 614 616 626 631 633 640 642 644 653 655 657 659
352 407 423 428 429 463 479 484 485 515 520 521 529 530 532 547 563 568 569 599 604 605 613 614 616 627 632 633 641 642 644 654 655 657 659
353 408 424 427 430 464 480 483 486 516 519 522 528 531 532 548 564 567 570 600 603 606 612 615 616 628 631 634 640 643 644 653 656 657 659
354 409 425 428 430 465 481 484 486 517 520 522 529 531 532 549 565 568 570 601 604 606 613 615 616 629 632 634 641 643 644 654 656 657 659
355 410 426 429 430 466 482 485 486 518 521 522 530 531 532 550 566 569 570 602 605 606 614 615 616 630 633 634 642 643 644 655 656 657 659
356 411 421 431 432 467 477 487 488 513 523 524 528 529 533 551 561 571 572 597 607 608 612 613 617 625 635 636 640 641 645 653 654 658 659
357 412 422 431 433 468 478 487 489 514 523 525 528 530 533 552 562 571 573 598 607 609 612 614 617 626 635 637 640 642 645 653 655 658 659
358 413 423 432 433 469 479 488 489 515 524 525 529 530 533 553 563 572 573 599 608 609 613 614 617 627 636 637 641 642 645 654 655 658 659
359 414 424 431 434 470 480 487 490 516 523 526 528 531 533 554 564 571 574 600 607 610 612 615 617 628 635 638 640 643 645 653 656 658 659
360 415 425 432 434 471 481 488 490 517 524 526 529 531 533 555 565 572 574 601 608 610 613 615 617 629 636 638 641 643 645 654 656 658 659
361 416 426 433 434 472 482 489 490 518 525 526 530 531 533 556 566 573 574 602 609 610 614 615 617 630 637 638 642 643 645 655 656 658 659
362 417 427 431 435 473 483 487 491 519 523 527 528 532 533 557 567 571 575 603 607 611 612 616 617 631 635 639 640 644 645 653 657 658 659
363 418 428 432 435 474 484 488 491 520 524 527 529 532 533 558 568 572 575 604 608 611 613 616 617 632 636 639 641 644 645 654 657 658 659
364 419 429 433 435 475 485 489 491 521 525 527 530 532 533 559 569 573 575 605 609 611 614 616 617 633 637 639 642 644 645 655 657 658 659
365 420 430 434 435 476 486 490 491 522 526 527 531 532 533 560 570 574 575 606 610 611 615 616 617 634 638 639 643 644 645 656 657 658 659
366 401 436 437 438 457 492 493 494 513 514 515 534 535 536 541 576 577 578 597 598 599 618 619 620 625 626 627 646 647 648 653 654 655 660
367 402 436 439 440 458 492 495 496 513 516 517 534 535 537 542 576 579 580 597 600 601 618 619 621 625 628 629 646 647 649 653 654 656 660
368 403 437 439 441 459 493 495 497 514 516 518 534 536 537 543 577 579 581 598 600 602 618 620 621 626 628 630 646 648 649 653 655 656 660
369 404 438 440 441 460 494 496 497 515 517 518 535 536 537 544 578 580 581 599 601 602 619 620 621 627 629 630 647 648 649 654 655 656 660
370 405 436 442 443 461 492 498 499 513 519 520 534 535 538 545 576 582 583 597 603 604 618 619 622 625 631 632 646 647 650 653 654 657 660
371 406 437 442 444 462 493 498 500 514 519 521 534 536 538 546 577 582 584 598 603 605 618 620 622 626 631 633 646 648 650 653 655 657 660
372 407 438 443 444 463 494 499 500 515 520 521 535 536 538 547 578 583 584 599 604 605 619 620 622 627 632 633 647 648 650 654 655 657 660
373 408 439 442 445 464 495 498 501 516 519 522 534 537 538 548 579 582 585 600 603 606 618 621 622 628 631 634 646 649 650 653 656 657 660
374 409 440 443 445 465 496 499 501 517 520 522 535 537 538 549 580 583 585 601 604 606 619 621 622 629 632 634 647 649 650 654 656 657 660
375 410 441 444 445 466 497 500 501 518 521 522 536 537 538 550 581 584 585 602 605 606 620 621 622 630 633 634 648 649 650 655 656 657 660
376 411 436 446 447 467 492 502 503 513 523 524 534 535 539 551 576 586 587 597 607 608 618 619 623 625 635 636 646 647 651 653 654 658 660
377 412 437 446 448 468 493 502 504 514 523 525 534 536 539 552 577 586 588 598 607 609 618 620 623 626 635 637 646 648 651 653 655 658 660
378 413 438 447 448 469 494 503 504 515 524 525 535 536 539 553 578 587 588 599 608 609 619 620 623 627 636 637 647 648 651 654 655 658 660
379 414 439 446 449 470 495 502 505 516 523 526 534 537 539 554 579 586 589 600 607 610 618 621 623 628 635 638 646 649 651 653 656 658 660
380 415 440 447 449 471 496 503 505 517 524 526 535 537 539 555 580 587 589 601 608 610 619 621 623 629 636 638 647 649 651 654 656 658 660
381 416 441 448 449 472 497 504 505 518 525 526 536 537 539 556 581 588 589 602 609 610 620 621 623 630 637 638 648 649 651 655 656 658 660
382 417 442 446 450 473 498 502 506 519 523 527 534 538 539 557 582 586 590 603 607 611 618 622 623 631 635 639 646 650 651 653 657 658 660
383 418 443 447 450 474 499 503 506 520 524 527 535 538 539 558 583 587 590 604 608 611 619 622 623 632 636 639 647 650 651 654 657 658 660
384 419 444 448 450 475 500 504 506 521 525 527 536 538 539 559 584 588 590 605 609 611 620 622 623 633 637 639 648 650 651 655 657 658 660
385 420 445 449 450 476 501 505 506 522 526 527 537 538 539 560 585 589 590 606 610 611 621 622 623 634 638 639 649 650 651 656 657 658 660
386 421 436 451 452 477 492 507 508 513 528 529 534 535 540 561 576 591 592 597 612 613 618 619 624 625 640 641 646 647 652 653 654 659 660
387 422 437 451 453 478 493 507 509 514 528 530 534 536 540 562 577 591 593 598 612 614 618 620 624 626 640 642 646 648 652 653 655 659 660
388 423 438 452 453 479 494 508 509 515 529 530 535 536 540 563 578 592 593 599 613 614 619 620 624 627 641 642 647 648 652 654 655 659 660
389 424 439 451 454 480 495 507 510 516 528 531 534 537 540 564 579 591 594 600 612 615 618 621 624 628 640 643 646 649 652 653 656 659 660
390 425 440 452 454 481 496 508 510 517 529 531 535 537 540 565 580 592 594 601 613 615 619 621 624 629 641 643 647 649 652 654 656 659 660
391 426 441 453 454 482 497 509 510 518 530 531 536 537 540 566 581 593 594 602 614 615 620 621 624 630 642 643 648 649 652 655 656 659 660
392 427 442 451 455 483 498 507 511 519 528 532 534 538 540 567 582 591 595 603 612 616 618 622 624 631 640 644 646 650 652 653 657 659 660
393 428 443 452 455 484 499 508 511 520 529 532 535 538 540 568 583 592 595 604 613 616 619 622 624 632 641 644 647 650 652 654 657 659 660
394 429 444 453 455 485 500 509 511 521 530 532 536 538 540 569 584 593 595 605 614 616 620 622 624 633 642 644 648 650 652 655 657 659 660
395 430 445 454 455 486 501 510 511 522 531 532 537 538 540 570 585 594 595 606 615 616 621 622 624 634 643 644 649 650 652 656 657 659 660
396 431 446 451 456 487 502 507 512 523 528 533 534 539 540 571 586 591 596 607 612 617 618 623 624 635 640 645 646 651 652 653 658 659 660
397 432 447 452 456 488 503 508 512 524 529 533 535 539 540 572 587 592 596 608 613 617 619 623 624 636 641 645 647 651 652 654 658 659 660
398 433 448 453 456 489 504 509 512 525 530 533 536 539 540 573 588 593 596 609 614 617 620 623 624 637 642 645 648 651 652 655 658 659 660
399 434 449 454 456 490 505 510 512 526 531 533 537 539 540 574 589 594 596 610 615 617 621 623 624 638 643 645 649 651 652 656 658 659 660
400 435 450 455 456 491 506 511 512 527 532 533 538 539 540 575 590 595 596 611 616 617 622 623 624 639 644 645 650 651 652 657 658 659 660
1 2 3 4 9 10 11 16 17 22 37 38 39 44 45 50 65 66 71 86 121 122 123 128 129 134 149 150 155 170 205 206 211 226 261
1 2 3 5 9 10 12 16 18 23 37 38 40 44 46 51 65 67 72 87 121 122 124 128 130 135 149 151 156 171 205 207 212 227 262
1 2 3 6 9 10 13 16 19 24 37 38 41 44 47 52 65 68 73 88 121 122 125 128 131 136 149 152 157 172 205 208 213 228 263
1 2 3 7 9 10 14 16 20 25 37 38 42 44 48 53 65 69 74 89 121 122 126 128 132 137 149 153 158 173 205 209 214 229 264
1 2 3 8 9 10 15 16 21 26 37 38 43 44 49 54 65 70 75 90 121 122 127 128 133 138 149 154 159 174 205 210 215 230 265
1 2 4 5 9 11 12 17 18 27 37 39 40 45 46 55 66 67 76 91 121 123 124 129 130 139 150 151 160 175 206 207 216 231 266
1 2 4 6 9 11 13 17 19 28 37 39 41 45 47 56 66 68 77 92 121 123 125 129 131 140 150 152 161 176 206 208 217 232 267
1 2 4 7 9 11 14 17 20 29 37 39 42 45 48 57 66 69 78 93 121 123 126 129 132 141 150 153 162 177 206 209 218 233 268
1 2 4 8 9 11 15 17 21 30 37 39 43 45 49 58 66 70 79 94 121 123 127 129 133 142 150 154 163 178 206 210 219 234 269
1 2 5 6 9 12 13 18 19 31 37 40 41 46 47 59 67 68 80 95 121 124 125 130 131 143 151 152 164 179 207 208 220 235 270
1 2 5 7 9 12 14 18 20 32 37 40 42 46 48 60 67 69 81 96 121 124 126 130 132 144 151 153 165 180 207 209 221 236 271
1 2 5 8 9 12 15 18 21 33 37 40 43 46 49 61 67 70 82 97 121 124 127 130 133 145 151 154 166 181 207 210 222 237 272
1 2 6 7 9 13 14 19 20 34 37 41 42 47 48 62 68 69 83 98 121 125 126 131 132 146 152 153 167 182 208 209 223 238 273
1 2 6 8 9 13 15 19 21 35 37 41 43 47 49 63 68 70 84 99 121 125 127 131 133 147 152 154 168 183 208 210 224 239 274
1 2 7 8 9 14 15 20 21 36 37 42 43 48 49 64 69 70 85 100 121 126 127 132 133 148 153 154 169 184 209 210 225 240 275
1 3 4 5 10 11 12 22 23 27 38 39 40 50 51 55 71 72 76 101 122 123 124 134 135 139 155 156 160 185 211 212 216 241 276
1 3 4 6 10 11 13 22 24 28 38 39 41 50 52 56 71 73 77 102 122 123 125 134 136 140 155 157 161 186 211 213 217 242 277
1 3 4 7 10 11 14 22 25 29 38 39 42 50 53 57 71 74 78 103 122 123 126 134 137 141 155 158 162 187 211 214 218 243 278
1 3 4 8 10 11 15 22 26 30 38 39 43 50 54 58 71 75 79 104 122 123 127 134 138 142 155 159 163 188 211 215 219 244 279
1 3 5 6 10 12 13 23 24 31 38 40 41 51 52 59 72 73 80 105 122 124 125 135 136 143 156 157 164 189 212 213 220 245 280
1 3 5 7 10 12 14 23 25 32 38 40 42 51 53 60 72 74 81 106 122 124 126 135 137 144 156 158 165 190 212 214 221 246 281
1 3 5 8 10 12 15 23 26 33 38 40 43 51 54 61 72 75 82 107 122 124 127 135 138 145 156 159 166 191 212 215 222 247 282
1 3 6 7 10 13 14 24 25 34 38 41 42 52 53 62 73 74 83 108 122 125 126 136 137 146 157 158 167 192 213 214 223 248 283
1 3 6 8 10 13 15 24 26 35 38 41 43 52 54 63 73 75 84 109 122 125 127 136 138 147 157 159 168 193 213 215 224 249 284
1 3 7 8 10 14 15 25 26 36 38 42 43 53 54 64 74 75 85 110 122 126 127 137 138 148 158 159 169 194 214 215 225 250 285
1 4 5 6 11 12 13 27 28 31 39 40 41 55 56 59 76 77 80 111 123 124 125 139 140 143 160 161 164 195 216 217 220 251 286
1 4 5 7 11 12 14 27 29 32 39 40 42 55 57 60 76 78 81 112 123 124 126 139 141 144 160 162 165 196 216 218 221 252 287
1 4 5 8 11 12 15 27 30 33 39 40 43 55 58 61 76 79 82 113 123 124 127 139 142 145 160 163 166 197 216 219 222 253 288
1 4 6 7 11 13 14 28 29 34 39 41 42 56 57 62 77 78 83 114 123 125 126 140 141 146 161 162 167 198 217 218 223 254 289
1 4 6 8 11 13 15 28 30 35 39 41 43 56 58 63 77 79 84 115 123 125 127 140 142 147 161 163 168 199 217 219 224 255 290
1 4 7 8 11 14 15 29 30 36 39 42 43 57 58 64 78 79 85 116 123 126 127 141 142 148 162 163 169 200 218 219 225 256 291
1 5 6 7 12 13 14 31 32 34 40 41 42 59 60 62 80 81 83 117 124 125 126 143 144 146 164 165 167 201 220 221 223 257 292
1 5 6 8 12 13 15 31 33 35 40 41 43 59 61 63 80 82 84 118 124 125 127 143 145 147 164 166 168 202 220 222 224 258 293
1 5 7 8 12 14 15 32 33 36 40 42 43 60 61 64 81 82 85 119 124 126 127 144 145 148 165 166 169 203 221 222 225 259 294
1 6 7 8 13 14 15 34 35 36 41 42 43 62 63 64 83 84 85 120 125 126 127 146 147 148 167 168 169 204 223 224 225 260 295
2 3 4 5 16 17 18 22 23 27 44 45 46 50 51 55 86 87 91 101 128 129 130 134 135 139 170 171 175 185 226 227 231 241 296
2 3 4 6 16 17 19 22 24 28 44 45 47 50 52 56 86 88 92 102 128 129 131 134 136 140 170 172 176 186 226 228 232 242 297
2 3 4 7 16 17 20 22 25 29 44 45 48 50 53 57 86 89 93 103 128 129 132 134 137 141 170 173 177 187 226 229 233 243 298
2 3 4 8 16 17 21 22 26 30 44 45 49 50 54 58 86 90 94 104 128 129 133 134 138 142 170 174 178 188 226 230 234 244 299
2 3 5 6 16 18 19 23 24 31 44 46 47 51 52 59 87 88 95 105 128 130 131 135 136 143 171 172 179 189 227 228 235 245 300
2 3 5 7 16 18 20 23 25 32 44 46 48 51 53 60 87 89 96 106 128 130 132 135 137 144 171 173 180 190 227 229 236 246 301
2 3 5 8 16 18 21 23 26 33 44 46 49 51 54 61 87 90 97 107 128 130 133 135 138 145 171 174 181 191 227 230 237 247 302
2 3 6 7 16 19 20 24 25 34 44 47 48 52 53 62 88 89 98 108 128 131 132 136 137 146 172 173 182 192 228 229 238 248 303
2 3 6 8 16 19 21 24 26 35 44 47 49 52 54 63 88 90 99 109 128 131 133 136 138 147 172 174 183 193 228 230 239 249 304
2 3 7 8 16 20 21 25 26 36 44 48 49 53 54 64 89 90 100 110 128 132 133 137 138 148 173 174 184 194 229 230 240 250 305
2 4 5 6 17 18 19 27 28 31 45 46 47 55 56 59 91 92 95 111 129 130 131 139 140 143 175 176 179 195 231 232 235 251 306
2 4 5 7 17 18 20 27 29 32 45 46 48 55 57 60 91 93 96 112 129 130 132 139 141 144 175 177 180 196 231 233 236 252 307
2 4 5 8 17 18 21 27 30 33 45 46 49 55 58 61 91 94 97 113 129 130 133 139 142 145 175 178 181 197 231 234 237 253 308
2 4 6 7 17 19 20 28 29 34 45 47 48 56 57 62 92 93 98 114 129 131 132 140 141 146 176 177 182 198 232 233 238 254 309
2 4 6 8 17 19 21 28 30 35 45 47 49 56 58 63 92 94 99 115 129 131 133 140 142 147 176 178 183 199 232 234 239 255 310
2 4 7 8 17 20 21 29 30 36 45 48 49 57 58 64 93 94 100 116 129 132 133 141 142 148 177 178 184 200 233 234 240 256 311
2 5 6 7 18 19 20 31 32 34 46 47 48 59 60 62 95 96 98 117 130 131 132 143 144 146 179 180 182 201 235 236 238 257 312
2 5 6 8 18 19 21 31 33 35 46 47 49 59 61 63 95 97 99 118 130 131 133 143 145 147 179 181 183 202 235 237 239 258 313
2 5 7 8 18 20 21 32 33 36 46 48 49 60 61 64 96 97 100 119 130 132 133 144 145 148 180 181 184 203 236 237 240 259 314
2 6 7 8 19 20 21 34 35 36 47 48 49 62 63 64 98 99 100 120 131 132 133 146 147 148 182 183 184 204 238 239 240 260 315
3 4 5 6 22 23 24 27 28 31 50 51 52 55 56 59 101 102 105 111 134 135 136 139 140 143 185 186 189 195 241 242 245 251 316
3 4 5 7 22 23 25 27 29 32 50 51 53 55 57 60 101 103 106 112 134 135 137 139 141 144 185 187 190 196 241 243 246 252 317
3 4 5 8 22 23 26 27 30 33 50 51 54 55 58 61 101 104 107 113 134 135 138 139 142 145 185 188 191 197 241 244 247 253 318
3 4 6 7 22 24 25 28 29 34 50 52 53 56 57 62 102 103 108 114 134 136 137 140 141 146 186 187 192 198 242 243 248 254 319
3 4 6 8 22 24 26 28 30 35 50 52 54 56 58 63 102 104 109 115 134 136 138 140 142 147 186 188 193 199 242 244 249 255 320
3 4 7 8 22 25 26 29 30 36 50 53 54 57 58 64 103 104 110 116 134 137 138 141 142 148 187 188 194 200 243 244 250 256 321
3 5 6 7 23 24 25 31 32 34 51 52 53 59 60 62 105 106 108 117 135 136 137 143 144 146 189 190 192 201 245 246 248 257 322
3 5 6 8 23 24 26 31 33 35 51 52 54 59 61 63 105 107 109 118 135 136 138 143 145 147 189 191 193 202 245 247 249 258 323
3 5 7 8 23 25 26 32 33 36 51 53 54 60 61 64 106 107 110 119 135 137 138 144 145 148 190 191 194 203 246 247 250 259 324
3 6 7 8 24 25 26 34 35 36 52 53 54 62 63 64 108 109 110 120 136 137 138 146 147 148 192 193 194 204 248 249 250 260 325
4 5 6 7 27 28 29 31 32 34 55 56 57 59 60 62 111 112 114 117 139 140 141 143 144 146 195 196 198 201 251 252 254 257 326
4 5 6 8 27 28 30 31 33 35 55 56 58 59 61 63 111 113 115 118 139 140 142 143 145 147 195 197 199 202 251 253 255 258 327
4 5 7 8 27 29 30 32 33 36 55 57 58 60 61 64 112 113 116 119 139 141 142 144 145 148 196 197 200 203 252 253 256 259 328
4 6 7 8 28 29 30 34 35 36 56 57 58 62 63 64 114 115 116 120 140 141 142 146 147 148 198 199 200 204 254 255 256 260 329
5 6 7 8 31 32 33 34 35 36 59 60 61 62 63 64 117 118 119 120 143 144 145 146 147 148 201 202 203 204 257 258 259 260 330
9 10 11 12 16 17 18 22 23 27 65 66 67 71 72 76 86 87 91 101 149 150 151 155 156 160 170 171 175 185 261 262 266 276 296
9 10 11 13 16 17 19 22 24 28 65 66 68 71 73 77 86 88 92 102 149 150 152 155 157 161 170 172 176 186 261 263 267 277 297
9 10 11 14 16 17 20 22 25 29 65 66 69 71 74 78 86 89 93 103 149 150 153 155 158 162 170 173 177 187 261 264 268 278 298
9 10 11 15 16 17 21 22 26 30 65 66 70 71 75 79 86 90 94 104 149 150 154 155 159 163 170 174 178 188 261 265 269 279 299
9 10 12 13 16 18 19 23 24 31 65 67 68 72 73 80 87 88 95 105 149 151 152 156 157 164 171 172 179 189 262 263 270 280 300
9 10 12 14 16 18 20 23 25 32 65 67 69 72 74 81 87 89 96 106 149 151 153 156 158 165 171 173 180 190 262 264 271 281 301
9 10 12 15 16 18 21 23 26 33 65 67 70 72 75 82 87 90 97 107 149 151 154 156 159 166 171 174 181 191 262 265 272 282 302
9 10 13 14 16 19 20 24 25 34 65 68 69 73 74 83 88 89 98 108 149 152 153 157 158 167 172 173 182 192 263 264 273 283 303
9 10 13 15 16 19 21 24 26 35 65 68 70 73 75 84 88 90 99 109 149 152 154 157 159 168 172 174 183 193 263 265 274 284 304
9 10 14 15 16 20 21 25 26 36 65 69 70 74 75 85 89 90 100 110 149 153 154 158 159 169 173 174 184 194 264 265 275 285 305
9 11 12 13 17 18 19 27 28 31 66 67 68 76 77 80 91 92 95 111 150 151 152 160 161 164 175 176 179 195 266 267 270 286 306
9 11 12 14 17 18 20 27 29 32 66 67 69 76 78 81 91 93 96 112 150 151 153 160 162 165 175 177 180 196 266 268 271 287 307
9 11 12 15 17 18 21 27 30 33 66 67 70 76 79 82 91 94 97 113 150 151 154 160 163 166 175 178 181 197 266 269 272 288 308
9 11 13 14 17 19 20 28 29 34 66 68 69 77 78 83 92 93 98 114 150 152 153 161 162 167 176 177 182 198 267 268 273 289 309
9 11 13 15 17 19 21 28 30 35 66 68 70 77 79 84 92 94 99 115 150 152 154 161 163 168 176 178 183 199 267 269 274 290 310
9 11 14 15 17 20 21 29 30 36 66 69 70 78 79 85 93 94 100 116 150 153 154 162 163 169 177 178 184 200 268 269 275 291 311
9 12 13 14 18 19 20 31 32 34 67 68 69 80 81 83 95 96 98 117 151 152 153 164 165 167 179 180 182 201 270 271 273 292 312
9 12 13 15 18 19 21 31 33 35 67 68 70 80 82 84 95 97 99 118 151 152 154 164 166 168 179 181 183 202 270 272 274 293 313
9 12 14 15 18 20 21 32 33 36 67 69 70 81 82 85 96 97 100 119 151 153 154 165 166 169 180 181 184 203 271 272 275 294 314
9 13 14 15 19 20 21 34 35 36 68 69 70 83 84 85 98 99 100 120 152 153 154 167 168 169 182 183 184 204 273 274 275 295 315
10 11 12 13 22 23 24 27 28 31 71 72 73 76 77 80 101 102 105 111 155 156 157 160 161 164 185 186 189 195 276 277 280 286 316
10 11 12 14 22 23 25 27 29 32 71 72 74 76 78 81 101 103 106 112 155 156 158 160 162 165 185 187 190 196 276 278 281 287 317
10 11 12 15 22 23 26 27 30 33 71 72 75 76 79 82 101 104 107 113 155 156 159 160 163 166 185 188 191 197 276 279 282 288 318
10 11 13 14 22 24 25 28 29 34 71 73 74 77 78 83 102 103 108 114 155 157 158 161 162 167 186 187 192 198 277 278 283 289 319
10 11 13 15 22 24 26 28 30 35 71 73 75 77 79 84 102 104 109 115 155 157 159 161 163 168 186 188 193 199 277 279 284 290 320
10 11 14 15 22 25 26 29 30 36 71 74 75 78 79 85 103 104 110 116 155 158 159 162 163 169 187 188 194 200 278 279 285 291 321
10 12 13 14 23 24 25 31 32 34 72 73 74 80 81 83 105 106 108 117 156 157 158 164 165 167 189 190 192 201 280 281 283 292 322
10 12 13 15 23 24 26 31 33 35 72 73 75 80 82 84 105 107 109 118 156 157 159 164 166 168 189 191 193 202 280 282 284 293 323
10 12 14 15 23 25 26 32 33 36 72 74 75 81 82 85 106 107 110 119 156 158 159 165 166 169 190 191 194 203 281 282 285 294 324
10 13 14 15 24 25 26 34 35 36 73 74 75 83 84 85 108 109 110 120 157 158 159 167 168 169 192 193 194 204 283 284 285 295 325
11 12 13 14 27 28 29 31 32 34 76 77 78 80 81 83 111 112 114 117 160 161 162 164 165 167 195 196 198 201 286 287 289 292 326
11 12 13 15 27 28 30 31 33 35 76 77 79 80 82 84 111 113 115 118 160 161 163 164 166 168 195 197 199 202 286 288 290 293 327
11 12 14 15 27 29 30 32 33 36 76 78 79 81 82 85 112 113 116 119 160 162 163 165 166 169 196 197 200 203 287 288 291 294 328
11 13 14 15 28 29 30 34 35 36 77 78 79 83 84 85 114 115 116 120 161 162 163 167 168 169 198 199 200 204 289 290 291 295 329
12 13 14 15 31 32 33 34 35 36 80 81 82 83 84 85 117 118 119 120 164 165 166 167 168 169 201 202 203 204 292 293 294 295 330
16 17 18 19 22 23 24 27 28 31 86 87 88 91 92 95 101 102 105 111 170 171 172 175 176 179 185 186 189 195 296 297 300 306 316
16 17 18 20 22 23 25 27 29 32 86 87 89 91 93 96 101 103 106 112 170 171 173 175 177 180 185 187 190 196 296 298 301 307 317
16 17 18 21 22 23 26 27 30 33 86 87 90 91 94 97 101 104 107 113 170 171 174 175 178 181 185 188 191 197 296 299 302 308 318
16 17 19 20 22 24 25 28 29 34 86 88 89 92 93 98 102 103 108 114 170 172 173 176 177 182 186 187 192 198 297 298 303 309 319
16 17 19 21 22 24 26 28 30 35 86 88 90 92 94 99 102 104 109 115 170 172 174 176 178 183 186 188 193 199 297 299 304 310 320
16 17 20 21 22 25 26 29 30 36 86 89 90 93 94 100 103 104 110 116 170 173 174 177 178 184 187 188 194 200 298 299 305 311 321
16 18 19 20 23 24 25 31 32 34 87 88 89 95 96 98 105 106 108 117 171 172 173 179 180 182 189 190 192 201 300 301 303 312 322
16 18 19 21 23 24 26 31 33 35 87 88 90 95 97 99 105 107 109 118 171 172 174 179 181 183 189 191 193 202 300 302 304 313 323
16 18 20 21 23 25 26 32 33 36 87 89 90 96 97 100 106 107 110 119 171 173 174 180 181 184 190 191 194 203 301 302 305 314 324
16 19 20 21 24 25 26 34 35 36 88 89 90 98 99 100 108 109 110 120 172 173 174 182 183 184 192 193 194 204 303 304 305 315 325
17 18 19 20 27 28 29 31 32 34 91 92 93 95 96 98 111 112 114 117 175 176 177 179 180 182 195 196 198 201 306 307 309 312 326
17 18 19 21 27 28 30 31 33 35 91 92 94 95 97 99 111 113 115 118 175 176 178 179 181 183 195 197 199 202 306 308 310 313 327
17 18 20 21 27 29 30 32 33 36 91 93 94 96 97 100 112 113 116 119 175 177 178 180 181 184 196 197 200 203 307 308 311 314 328
17 19 20 21 28 29 30 34 35 36 92 93 94 98 99 100 114 115 116 120 176 177 178 182 183 184 198 199 200 204 309 310 311 315 329
18 19 20 21 31 32 33 34 35 36 95 96 97 98 99 100 117 118 119 120 179 180 181 182 183 184 201 202 203 204 312 313 314 315 330
22 23 24 25 27 28 29 31 32 34 101 102 103 105 106 108 111 112 114 117 185 186 187 189 190 192 195 196 198 201 316 317 319 322 326
22 23 24 26 27 28 30 31 33 35 101 102 104 105 107 109 111 113 115 118 185 186 188 189 191 193 195 197 199 202 316 318 320 323 327
22 23 25 26 27 29 30 32 33 36 101 103 104 106 107 110 112 113 116 119 185 187 188 190 191 194 196 197 200 203 317 318 321 324 328
22 24 25 26 28 29 30 34 35 36 102 103 104 108 109 110 114 115 116 120 186 187 188 192 193 194 198 199 200 204 319 320 321 325 329
23 24 25 26 31 32 33 34 35 36 105 106 107 108 109 110 117 118 119 120 189 190 191 192 193 194 201 202 203 204 322 323 324 325 330
27 28 29 30 31 32 33 34 35 36 111 112 113 114 115 116 117 118 119 120 195 196 197 198 199 200 201 202 203 204 326 327 328 329 330
37 38 39 40 44 45 46 50 51 55 65 66 67 71 72 76 86 87 91 101 205 206 207 211 212 216 226 227 231 241 261 262 266 276 296
37 38 39 41 44 45 47 50 52 56 65 66 68 71 73 77 86 88 92 102 205 206 208 211 213 217 226 228 232 242 261 263 267 277 297
37 38 39 42 44 45 48 50 53 57 65 66 69 71 74 78 86 89 93 103 205 206 209 211 214 218 226 229 233 243 261 264 268 278 298
37 38 39 43 44 45 49 50 54 58 65 66 70 71 75 79 86 90 94 104 205 206 210 211 215 219 226 230 234 244 261 265 269 279 299
37 38 40 41 44 46 47 51 52 59 65 67 68 72 73 80 87 88 95 105 205 207 208 212 213 220 227 228 235 245 262 263 270 280 300
37 38 40 42 44 46 48 51 53 60 65 67 69 72 74 81 87 89 96 106 205 207 209 212 214 221 227 229 236 246 262 264 271 281 301
37 38 40 43 44 46 49 51 54 61 65 67 70 72 75 82 87 90 97 107 205 207 210 212 215 222 227 230 237 247 262 265 272 282 302
37 38 41 42 44 47 48 52 53 62 65 68 69 73 74 83 88 89 98 108 205 208 209 213 214 223 228 229 238 248 263 264 273 283 303
37 38 41 43 44 47 49 52 54 63 65 68 70 73 75 84 88 90 99 109 205 208 210 213 215 224 228 230 239 249 263 265 274 284 304
37 38 42 43 44 48 49 53 54 64 65 69 70 74 75 85 89 90 100 110 205 209 210 214 215 225 229 230 240 250 264 265 275 285 305
37 39 40 41 45 46 47 55 56 59 66 67 68 76 77 80 91 92 95 111 206 207 208 216 217 220 231 232 235 251 266 267 270 286 306
37 39 40 42 45 46 48 55 57 60 66 67 69 76 78 81 91 93 96 112 206 207 209 216 218 221 231 233 236 252 266 268 271 287 307
37 39 40 43 45 46 49 55 58 61 66 67 70 76 79 82 91 94 97 113 206 207 210 216 219 222 231 234 237 253 266 269 272 288 308
37 39 41 42 45 47 48 56 57 62 66 68 69 77 78 83 92 93 98 114 206 208 209 217 218 223 232 233 238 254 267 268 273 289 309
37 39 41 43 45 47 49 56 58 63 66 68 70 77 79 84 92 94 99 115 206 208 210 217 219 224 232 234 239 255 267 269 274 290 310
37 39 42 43 45 48 49 57 58 64 66 69 70 78 79 85 93 94 100 116 206 209 210 218 219 225 233 234 240 256 268 269 275 291 311
37 40 41 42 46 47 48 59 60 62 67 68 69 80 81 83 95 96 98 117 207 208 209 220 221 223 235 236 238 257 270 271 273 292 312
37 40 41 43 46 47 49 59 61 63 67 68 70 80 82 84 95 97 99 118 207 208 210 220 222 224 235 237 239 258 270 272 274 293 313
37 40 42 43 46 48 49 60 61 64 67 69 70 81 82 85 96 97 100 119 207 209 210 221 222 225 236 237 240 259 271 272 275 294 314
37 41 42 43 47 48 49 62 63 64 68 69 70 83 84 85 98 99 100 120 208 209 210 223 224 225 238 239 240 260 273 274 275 295 315
38 39 40 41 50 51 52 55 56 59 71 72 73 76 77 80 101 102 105 111 211 212 213 216 217 220 241 242 245 251 276 277 280 286 316
38 39 40 42 50 51 53 55 57 60 71 72 74 76 78 81 101 103 106 112 211 212 214 216 218 221 241 243 246 252 276 278 281 287 317
38 39 40 43 50 51 54 55 58 61 71 72 75 76 79 82 101 104 107 113 211 212 215 216 219 222 241 244 247 253 276 279 282 288 318
38 39 41 42 50 52 53 56 57 62 71 73 74 77 78 83 102 103 108 114 211 213 214 217 218 223 242 243 248 254 277 278 283 289 319
38 39 41 43 50 52 54 56 58 63 71 73 75 77 79 84 102 104 109 115 211 213 215 217 219 224 242 244 249 255 277 279 284 290 320
38 39 42 43 50 53 54 57 58 64 71 74 75 78 79 85 103 104 110 116 211 214 215 218 219 225 243 244 250 256 278 279 285 291 321
38 40 41 42 51 52 53 59 60 62 72 73 74 80 81 83 105 106 108 117 212 213 214 220 221 223 245 246 248 257 280 281 283 292 322
38 40 41 43 51 52 54 59 61 63 72 73 75 80 82 84 105 107 109 118 212 213 215 220 222 224 245 247 249 258 280 282 284 293 323
38 40 42 43 51 53 54 60 61 64 72 74 75 81 82 85 106 107 110 119 212 214 215 221 222 225 246 247 250 259 281 282 285 294 324
38 41 42 43 52 53 54 62 63 64 73 74 75 83 84 85 108 109 110 120 213 214 215 223 224 225 248 249 250 260 283 284 285 295 325
39 40 41 42 55 56 57 59 60 62 76 77 78 80 81 83 111 112 114 117 216 217 218 220 221 223 251 252 254 257 286 287 289 292 326
39 40 41 43 55 56 58 59 61 63 76 77 79 80 82 84 111 113 115 118 216 217 219 220 222 224 251 253 255 258 286 288 290 293 327
39 40 42 43 55 57 58 60 61 64 76 78 79 81 82 85 112 113 116 119 216 218 219 221 222 225 252 253 256 259 287 288 291 294 328
39 41 42 43 56 57 58 62 63 64 77 78 79 83 84 85 114 115 116 120 217 218 219 223 224 225 254 255 256 260 289 290 291 295 329
40 41 42 43 59 60 61 62 63 64 80 81 82 83 84 85 117 118 119 120 220 221 222 223 224 225 257 258 259 260 292 293 294 295 330
44 45 46 47 50 51 52 55 56 59 86 87 88 91 92 95 101 102 105 111 226 227 228 231 232 235 241 242 245 251 296 297 300 306 316
44 45 46 48 50 51 53 55 57 60 86 87 89 91 93 96 101 103 106 112 226 227 229 231 233 236 241 243 246 252 296 298 301 307 317
44 45 46 49 50 51 54 55 58 61 86 87 90 91 94 97 101 104 107 113 226 227 230 231 234 237 241 244 247 253 296 299 302 308 318
44 45 47 48 50 52 53 56 57 62 86 88 89 92 93 98 102 103 108 114 226 228 229 232 233 238 242 243 248 254 297 298 303 309 319
44 45 47 49 50 52 54 56 58 63 86 88 90 92 94 99 102 104 109 115 226 228 230 232 234 239 242 244 249 255 297 299 304 310 320
44 45 48 49 50 53 54 57 58 64 86 89 90 93 94 100 103 104 110 116 226 229 230 233 234 240 243 244 250 256 298 299 305 311 321
44 46 47 48 51 52 53 59 60 62 87 88 89 95 96 98 105 106 108 117 227 228 229 235 236 238 245 246 248 257 300 301 303 312 322
44 46 47 49 51 52 54 59 61 63 87 88 90 95 97 99 105 107 109 118 227 228 230 235 237 239 245 247 249 258 300 302 304 313 323
44 46 48 49 51 53 54 60 61 64 87 89 90 96 97 100 106 107 110 119 227 229 230 236 237 240 246 247 250 259 301 302 305 314 324
44 47 48 49 52 53 54 62 63 64 88 89 90 98 99 100 108 109 110 120 228 229 230 238 239 240 248 249 250 260 303 304 305 315 325
45 46 47 48 55 56 57 59 60 62 91 92 93 95 96 98 111 112 114 117 231 232 233 235 236 238 251 252 254 257 306 307 309 312 326
45 46 47 49 55 56 58 59 61 63 91 92 94 95 97 99 111 113 115 118 231 232 234 235 237 239 251 253 255 258 306 308 310 313 327
45 46 48 49 55 57 58 60 61 64 91 93 94 96 97 100 112 113 116 119 231 233 234 236 237 240 252 253 256 259 307 308 311 314 328
45 47 48 49 56 57 58 62 63 64 92 93 94 98 99 100 114 115 116 120 232 233 234 238 239 240 254 255 256 260 309 310 311 315 329
46 47 48 49 59 60 61 62 63 64 95 96 97 98 99 100 117 118 119 120 235 236 237 238 239 240 257 258 259 260 312 313 314 315 330
50 51 52 53 55 56 57 59 60 62 101 102 103 105 106 108 111 112 114 117 241 242 243 245 246 248 251 252 254 257 316 317 319 322 326
50 51 52 54 55 56 58 59 61 63 101 102 104 105 107 109 111 113 115 118 241 242 244 245 247 249 251 253 255 258 316 318 320 323 327
50 51 53 54 55 57 58 60 61 64 101 103 104 106 107 110 112 113 116 119 241 243 244 246 247 250 252 253 256 259 317 318 321 324 328
50 52 53 54 56 57 58 62 63 64 102 103 104 108 109 110 114 115 116 120 242 243 244 248 249 250 254 255 256 260 319 320 321 325 329
51 52 53 54 59 60 61 62 63 64 105 106 107 108 109 110 117 118 119 120 245 246 247 248 249 250 257 258 259 260 322 323 324 325 330
55 56 57 58 59 60 61 62 63 64 111 112 113 114 115 116 117 118 119 120 251 252 253 254 255 256 257 258 259 260 326 327 328 329 330
65 66 67 68 71 72 73 76 77 80 86 87 88 91 92 95 101 102 105 111 261 262 263 266 267 270 276 277 280 286 296 297 300 306 316
65 66 67 69 71 72 74 76 78 81 86 87 89 91 93 96 101 103 106 112 261 262 264 266 268 271 276 278 281 287 296 298 301 307 317
65 66 67 70 71 72 75 76 79 82 86 87 90 91 94 97 101 104 107 113 261 262 265 266 269 272 276 279 282 288 296 299 302 308 318
65 66 68 69 71 73 74 77 78 83 86 88 89 92 93 98 102 103 108 114 261 263 264 267 268 273 277 278 283 289 297 298 303 309 319
65 66 68 70 71 73 75 77 79 84 86 88 90 92 94 99 102 104 109 115 261 263 265 267 269 274 277 279 284 290 297 299 304 310 320
65 66 69 70 71 74 75 78 79 85 86 89 90 93 94 100 103 104 110 116 261 264 265 268 269 275 278 279 285 291 298 299 305 311 321
65 67 68 69 72 73 74 80 81 83 87 88 89 95 96 98 105 106 108 117 262 263 264 270 271 273 280 281 283 292 300 301 303 312 322
65 67 68 70 72 73 75 80 82 84 87 88 90 95 97 99 105 107 109 118 262 263 265 270 272 274 280 282 284 293 300 302 304 313 323
65 67 69 70 72 74 75 81 82 85 87 89 90 96 97 100 106 107 110 119 262 264 265 271 272 275 281 282 285 294 301 302 305 314 324
65 68 69 70 73 74 75 83 84 85 88 89 90 98 99 100 108 109 110 120 263 264 265 273 274 275 283 284 285 295 303 304 305 315 325
66 67 68 69 76 77 78 80 81 83 91 92 93 95 96 98 111 112 114 117 266 267 268 270 271 273 286 287 289 292 306 307 309 312 326
66 67 68 70 76 77 79 80 82 84 91 92 94 95 97 99 111 113 115 118 266 267 269 270 272 274 286 288 290 293 306 308 310 313 327
66 67 69 70 76 78 79 81 82 85 91 93 94 96 97 100 112 113 116 119 266 268 269 271 272 275 287 288 291 294 307 308 311 314 328
66 68 69 70 77 78 79 83 84 85 92 93 94 98 99 100 114 115 116 120 267 268 269 273 274 275 289 290 291 295 309 310 311 315 329
67 68 69 70 80 81 82 83 84 85 95 96 97 98 99 100 117 118 119 120 270 271 272 273 274 275 292 293 294 295 312 313 314 315 330
71 72 73 74 76 77 78 80 81 83 101 102 103 105 106 108 111 112 114 117 276 277 278 280 281 283 286 287 289 292 316 317 319 322 326
71 72 73 75 76 77 79 80 82 84 101 102 104 105 107 109 111 113 115 118 276 277 279 280 282 284 286 288 290 293 316 318 320 323 327
71 72 74 75 76 78 79 81 82 85 101 103 104 106 107 110 112 113 116 119 276 278 279 281 282 285 287 288 291 294 317 318 321 324 328
71 73 74 75 77 78 79 83 84 85 102 103 104 108 109 110 114 115 116 120 277 278 279 283 284 285 289 290 291 295 319 320 321 325 329
72 73 74 75 80 81 82 83 84 85 105 106 107 108 109 110 117 118 119 120 280 281 282 283 284 285 292 293 294 295 322 323 324 325 330
76 77 78 79 80 81 82 83 84 85 111 112 113 114 115 116 117 118 119 120 286 287 288 289 290 291 292 293 294 295 326 327 328 329 330
86 87 88 89 91 92 93 95 96 98 101 102 103 105 106 108 111 112 114 117 296 297 298 300 301 303 306 307 309 312 316 317 319 322 326
86 87 88 90 91 92 94 95 97 99 101 102 104 105 107 109 111 113 115 118 296 297 299 300 302 304 306 308 310 313 316 318 320 323 327
86 87 89 90 91 93 94 96 97 100 101 103 104 106 107 110 112 113 116 119 296 298 299 301 302 305 307 308 311 314 317 318 321 324 328
86 88 89 90 92 93 94 98 99 100 102 103 104 108 109 110 114 115 116 120 297 298 299 303 304 305 309 310 311 315 319 320 321 325 329
87 88 89 90 95 96 97 98 99 100 105 106 107 108 109 110 117 118 119 120 300 301 302 303 304 305 312 313 314 315 322 323 324 325 330
91 92 93 94 95 96 97 98 99 100 111 112 113 114 115 116 117 118 119 120 306 307 308 309 310 311 312 313 314 315 326 327 328 329 330
101 102 103 104 105 106 107 108 109 110 111 112 113 114 115 116 117 118 119 120 316 317 318 319 320 321 322 323 324 325 326 327 328 329 330
121 122 123 124 128 129 130 134 135 139 149 150 151 155 156 160 170 171 175 185 205 206 207 211 212 216 226 227 231 241 261 262 266 276 296
121 122 123 125 128 129 131 134 136 140 149 150 152 155 157 161 170 172 176 186 205 206 208 211 213 217 226 228 232 242 261 263 267 277 297
121 122 123 126 128 129 132 134 137 141 149 150 153 155 158 162 170 173 177 187 205 206 209 211 214 218 226 229 233 243 261 264 268 278 298
121 122 123 127 128 129 133 134 138 142 149 150 154 155 159 163 170 174 178 188 205 206 210 211 215 219 226 230 234 244 261 265 269 279 299
121 122 124 125 128 130 131 135 136 143 149 151 152 156 157 164 171 172 179 189 205 207 208 212 213 220 227 228 235 245 262 263 270 280 300
121 122 124 126 128 130 132 135 137 144 149 151 153 156 158 165 171 173 180 190 205 207 209 212 214 221 227 229 236 246 262 264 271 281 301
121 122 124 127 128 130 133 135 138 145 149 151 154 156 159 166 171 174 181 191 205 207 210 212 215 222 227 230 237 247 262 265 272 282 302
121 122 125 126 128 131 132 136 137 146 149 152 153 157 158 167 172 173 182 192 205 208 209 213 214 223 228 229 238 248 263 264 273 283 303
121 122 125 127 128 131 133 136 138 147 149 152 154 157 159 168 172 174 183 193 205 208 210 213 215 224 228 230 239 249 263 265 274 284 304
121 122 126 127 128 132 133 137 138 148 149 153 154 158 159 169 173 174 184 194 205 209 210 214 215 225 229 230 240 250 264 265 275 285 305
121 123 124 125 129 130 131 139 140 143 150 151 152 160 161 164 175 176 179 195 206 207 208 216 217 220 231 232 235 251 266 267 270 286 306
121 123 124 126 129 130 132 139 141 144 150 151 153 160 162 165 175 177 180 196 206 207 209 216 218 221 231 233 236 252 266 268 271 287 307
121 123 124 127 129 130 133 139 142 145 150 151 154 160 163 166 175 178 181 197 206 207 210 216 219 222 231 234 237 253 266 269 272 288 308
121 123 125 126 129 131 132 140 141 146 150 152 153 161 162 167 176 177 182 198 206 208 209 217 218 223 232 233 238 254 267 268 273 289 309
121 123 125 127 129 131 133 140 142 147 150 152 154 161 163 168 176 178 183 199 206 208 210 217 219 224 232 234 239 255 267 269 274 290 310
121 123 126 127 129 132 133 141 142 148 150 153 154 162 163 169 177 178 184 200 206 209 210 218 219 225 233 234 240 256 268 269 275 291 311
121 124 125 126 130 131 132 143 144 146 151 152 153 164 165 167 179 180 182 201 207 208 209 220 221 223 235 236 238 257 270 271 273 292 312
121 124 125 127 130 131 133 143 145 147 151 152 154 164 166 168 179 181 183 202 207 208 210 220 222 224 235 237 239 258 270 272 274 293 313
121 124 126 127 130 132 133 144 145 148 151 153 154 165 166 169 180 181 184 203 207 209 210 221 222 225 236 237 240 259 271 272 275 294 314
121 125 126 127 131 132 133 146 147 148 152 153 154 167 168 169 182 183 184 204 208 209 210 223 224 225 238 239 240 260 273 274 275 295 315
122 123 124 125 134 135 136 139 140 143 155 156 157 160 161 164 185 186 189 195 211 212 213 216 217 220 241 242 245 251 276 277 280 286 316
122 123 124 126 134 135 137 139 141 144 155 156 158 160 162 165 185 187 190 196 211 212 214 216 218 221 241 243 246 252 276 278 281 287 317
122 123 124 127 134 135 138 139 142 145 155 156 159 160 163 166 185 188 191 197 211 212 215 216 219 222 241 244 247 253 276 279 282 288 318
122 123 125 126 134 136 137 140 141 146 155 157 158 161 162 167 186 187 192 198 211 213 214 217 218 223 242 243 248 254 277 278 283 289 319
122 123 125 127 134 136 138 140 142 147 155 157 159 161 163 168 186 188 193 199 211 213 215 217 219 224 242 244 249 255 277 279 284 290 320
122 123 126 127 134 137 138 141 142 148 155 158 159 162 163 169 187 188 194 200 211 214 215 218 219 225 243 244 250 256 278 279 285 291 321
122 124 125 126 135 136 137 143 144 146 156 157 158 164 165 167 189 190 192 201 212 213 214 220 221 223 245 246 248 257 280 281 283 292 322
122 124 125 127 135 136 138 143 145 147 156 157 159 164 166 168 189 191 193 202 212 213 215 220 222 224 245 247 249 258 280 282 284 293 323
122 124 126 127 135 137 138 144 145 148 156 158 159 165 166 169 190 191 194 203 212 214 215 221 222 225 246 247 250 259 281 282 285 294 324
122 125 126 127 136 137 138 146 147 148 157 158 159 167 168 169 192 193 194 204 213 214 215 223 224 225 248 249 250 260 283 284 285 295 325
123 124 125 126 139 140 141 143 144 146 160 161 162 164 165 167 195 196 198 201 216 217 218 220 221 223 251 252 254 257 286 287 289 292 326
123 124 125 127 139 140 142 143 145 147 160 161 163 164 166 168 195 197 199 202 216 217 219 220 222 224 251 253 255 258 286 288 290 293 327
123 124 126 127 139 141 142 144 145 148 160 162 163 165 166 169 196 197 200 203 216 218 219 221 222 225 252 253 256 259 287 288 291 294 328
123 125 126 127 140 141 142 146 147 148 161 162 163 167 168 169 198 199 200 204 217 218 219 223 224 225 254 255 256 260 289 290 291 295 329
124 125 126 127 143 144 145 146 147 148 164 165 166 167 168 169 201 202 203 204 220 221 222 223 224 225 257 258 259 260 292 293 294 295 330
128 129 130 131 134 135 136 139 140 143 170 171 172 175 176 179 185 186 189 195 226 227 228 231 232 235 241 242 245 251 296 297 300 306 316
128 129 130 132 134 135 137 139 141 144 170 171 173 175 177 180 185 187 190 196 226 227 229 231 233 236 241 243 246 252 296 298 301 307 317
128 129 130 133 134 135 138 139 142 145 170 171 174 175 178 181 185 188 191 197 226 227 230 231 234 237 241 244 247 253 296 299 302 308 318
128 129 131 132 134 136 137 140 141 146 170 172 173 176 177 182 186 187 192 198 226 228 229 232 233 238 242 243 248 254 297 298 303 309 319
128 129 131 133 134 136 138 140 142 147 170 172 174 176 178 183 186 188 193 199 226 228 230 232 234 239 242 244 249 255 297 299 304 310 320
128 129 132 133 134 137 138 141 142 148 170 173 174 177 178 184 187 188 194 200 226 229 230 233 234 240 243 244 250 256 298 299 305 311 321
128 130 131 132 135 136 137 143 144 146 171 172 173 179 180 182 189 190 192 201 227 228 229 235 236 238 245 246 248 257 300 301 303 312 322
128 130 131 133 135 136 138 143 145 147 171 172 174 179 181 183 189 191 193 202 227 228 230 235 237 239 245 247 249 258 300 302 304 313 323
128 130 132 133 135 137 138 144 145 148 171 173 174 180 181 184 190 191 194 203 227 229 230 236 237 240 246 247 250 259 301 302 305 314 324
128 131 132 133 136 137 138 146 147 148 172 173 174 182 183 184 192 193 194 204 228 229 230 238 239 240 248 249 250 260 303 304 305 315 325
129 130 131 132 139 140 141 143 144 146 175 176 177 179 180 182 195 196 198 201 231 232 233 235 236 238 251 252 254 257 306 307 309 312 326
129 130 131 133 139 140 142 143 145 147 175 176 178 179 181 183 195 197 199 202 231 232 234 235 237 239 251 253 255 258 306 308 310 313 327
129 130 132 133 139 141 142 144 145 148 175 177 178 180 181 184 196 197 200 203 231 233 234 236 237 240 252 253 256 259 307 308 311 314 328
129 131 132 133 140 141 142 146 147 148 176 177 178 182 183 184 198 199 200 204 232 233 234 238 239 240 254 255 256 260 309 310 311 315 329
130 131 132 133 143 144 145 146 147 148 179 180 181 182 183 184 201 202 203 204 235 236 237 238 239 240 257 258 259 260 312 313 314 315 330
134 135 136 137 139 140 141 143 144 146 185 186 187 189 190 192 195 196 198 201 241 242 243 245 246 248 251 252 254 257 316 317 319 322 326
134 135 136 138 139 140 142 143 145 147 185 186 188 189 191 193 195 197 199 202 241 242 244 245 247 249 251 253 255 258 316 318 320 323 327
134 135 137 138 139 141 142 144 145 148 185 187 188 190 191 194 196 197 200 203 241 243 244 246 247 250 252 253 256 259 317 318 321 324 328
134 136 137 138 140 141 142 146 147 148 186 187 188 192 193 194 198 199 200 204 242 243 244 248 249 250 254 255 256 260 319 320 321 325 329
135 136 137 138 143 144 145 146 147 148 189 190 191 192 193 194 201 202 203 204 245 246 247 248 249 250 257 258 259 260 322 323 324 325 330
139 140 141 142 143 144 145 146 147 148 195 196 197 198 199 200 201 202 203 204 251 252 253 254 255 256 257 258 259 260 326 327 328 329 330
149 150 151 152 155 156 157 160 161 164 170 171 172 175 176 179 185 186 189 195 261 262 263 266 267 270 276 277 280 286 296 297 300 306 316
149 150 151 153 155 156 158 160 162 165 170 171 173 175 177 180 185 187 190 196 261 262 264 266 268 271 276 278 281 287 296 298 301 307 317
149 150 151 154 155 156 159 160 163 166 170 171 174 175 178 181 185 188 191 197 261 262 265 266 269 272 276 279 282 288 296 299 302 308 318
149 150 152 153 155 157 158 161 162 167 170 172 173 176 177 182 186 187 192 198 261 263 264 267 268 273 277 278 283 289 297 298 303 309 319
149 150 152 154 155 157 159 161 163 168 170 172 174 176 178 183 186 188 193 199 261 263 265 267 269 274 277 279 284 290 297 299 304 310 320
149 150 153 154 155 158 159 162 163 169 170 173 174 177 178 184 187 188 194 200 261 264 265 268 269 275 278 279 285 291 298 299 305 311 321
149 151 152 153 156 157 158 164 165 167 171 172 173 179 180 182 189 190 192 201 262 263 264 270 271 273 280 281 283 292 300 301 303 312 322
149 151 152 154 156 157 159 164 166 168 171 172 174 179 181 183 189 191 193 202 262 263 265 270 272 274 280 282 284 293 300 302 304 313 323
149 151 153 154 156 158 159 165 166 169 171 173 174 180 181 184 190 191 194 203 262 264 265 271 272 275 281 282 285 294 301 302 305 314 324
149 152 153 154 157 158 159 167 168 169 172 173 174 182 183 184 192 193 194 204 263 264 265 273 274 275 283 284 285 295 303 304 305 315 325
150 151 152 153 160 161 162 164 165 167 175 176 177 179 180 182 195 196 198 201 266 267 268 270 271 273 286 287 289 292 306 307 309 312 326
150 151 152 154 160 161 163 164 166 168 175 176 178 179 181 183 195 197 199 202 266 267 269 270 272 274 286 288 290 293 306 308 310 313 327
150 151 153 154 160 162 163 165 166 169 175 177 178 180 181 184 196 197 200 203 266 268 269 271 272 275 287 288 291 294 307 308 311 314 328
150 152 153 154 161 162 163 167 168 169 176 177 178 182 183 184 198 199 200 204 267 268 269 273 274 275 289 290 291 295 309 310 311 315 329
151 152 153 154 164 165 166 167 168 169 179 180 181 182 183 184 201 202 203 204 270 271 272 273 274 275 292 293 294 295 312 313 314 315 330
155 156 157 158 160 161 162 164 165 167 185 186 187 189 190 192 195 196 198 201 276 277 278 280 281 283 286 287 289 292 316 317 319 322 326
155 156 157 159 160 161 163 164 166 168 185 186 188 189 191 193 195 197 199 202 276 277 279 280 282 284 286 288 290 293 316 318 320 323 327
155 156 158 159 160 162 163 165 166 169 185 187 188 190 191 194 196 197 200 203 276 278 279 281 282 285 287 288 291 294 317 318 321 324 328
155 157 158 159 161 162 163 167 168 169 186 187 188 192 193 194 198 199 200 204 277 278 279 283 284 285 289 290 291 295 319 320 321 325 329
156 157 158 159 164 165 166 167 168 169 189 190 191 192 193 194 201 202 203 204 280 281 282 283 284 285 292 293 294 295 322 323 324 325 330
160 161 162 163 164 165 166 167 168 169 195 196 197 198 199 200 201 202 203 204 286 287 288 289 290 291 292 293 294 295 326 327 328 329 330
170 171 172 173 175 176 177 179 180 182 185 186 187 189 190 192 195 196 198 201 296 297 298 300 301 303 306 307 309 312 316 317 319 322 326
170 171 172 174 175 176 178 179 181 183 185 186 188 189 191 193 195 197 199 202 296 297 299 300 302 304 306 308 310 313 316 318 320 323 327
170 171 173 174 175 177 178 180 181 184 185 187 188 190 191 194 196 197 200 203 296 298 299 301 302 305 307 308 311 314 317 318 321 324 328
170 172 173 174 176 177 178 182 183 184 186 187 188 192 193 194 198 199 200 204 297 298 299 303 304 305 309 310 311 315 319 320 321 325 329
171 172 173 174 179 180 181 182 183 184 189 190 191 192 193 194 201 202 203 204 300 301 302 303 304 305 312 313 314 315 322 323 324 325 330
175 176 177 178 179 180 181 182 183 184 195 196 197 198 199 200 201 202 203 204 306 307 308 309 310 311 312 313 314 315 326 327 328 329 330
185 186 187 188 189 190 191 192 193 194 195 196 197 198 199 200 201 202 203 204 316 317 318 319 320 321 322 323 324 325 326 327 328 329 330
205 206 207 208 211 212 213 216 217 220 226 227 228 231 232 235 241 242 245 251 261 262 263 266 267 270 276 277 280 286 296 297 300 306 316
205 206 207 209 211 212 214 216 218 221 226 227 229 231 233 236 241 243 246 252 261 262 264 266 268 271 276 278 281 287 296 298 301 307 317
205 206 207 210 211 212 215 216 219 222 226 227 230 231 234 237 241 244 247 253 261 262 265 266 269 272 276 279 282 288 296 299 302 308 318
205 206 208 209 211 213 214 217 218 223 226 228 229 232 233 238 242 243 248 254 261 263 264 267 268 273 277 278 283 289 297 298 303 309 319
205 206 208 210 211 213 215 217 219 224 226 228 230 232 234 239 242 244 249 255 261 263 265 267 269 274 277 279 284 290 297 299 304 310 320
205 206 209 210 211 214 215 218 219 225 226 229 230 233 234 240 243 244 250 256 261 264 265 268 269 275 278 279 285 291 298 299 305 311 321
205 207 208 209 212 213 214 220 221 223 227 228 229 235 236 238 245 246 248 257 262 263 264 270 271 273 280 281 283 292 300 301 303 312 322
205 207 208 210 212 213 215 220 222 224 227 228 230 235 237 239 245 247 249 258 262 263 265 270 272 274 280 282 284 293 300 302 304 313 323
205 207 209 210 212 214 215 221 222 225 227 229 230 236 237 240 246 247 250 259 262 264 265 271 272 275 281 282 285 294 301 302 305 314 324
205 208 209 210 213 214 215 223 224 225 228 229 230 238 239 240 248 249 250 260 263 264 265 273 274 275 283 284 285 295 303 304 305 315 325
206 207 208 209 216 217 218 220 221 223 231 232 233 235 236 238 251 252 254 257 266 267 268 270 271 273 286 287 289 292 306 307 309 312 326
206 207 208 210 216 217 219 220 222 224 231 232 234 235 237 239 251 253 255 258 266 267 269 270 272 274 286 288 290 293 306 308 310 313 327
206 207 209 210 216 218 219 221 222 225 231 233 234 236 237 240 252 253 256 259 266 268 269 271 272 275 287 288 291 294 307 308 311 314 328
206 208 209 210 217 218 219 223 224 225 232 233 234 238 239 240 254 255 256 260 267 268 269 273 274 275 289 290 291 295 309 310 311 315 329
207 208 209 210 220 221 222 223 224 225 235 236 237 238 239 240 257 258 259 260 270 271 272 273 274 275 292 293 294 295 312 313 314 315 330
211 212 213 214 216 217 218 220 221 223 241 242 243 245 246 248 251 252 254 257 276 277 278 280 281 283 286 287 289 292 316 317 319 322 326
211 212 213 215 216 217 219 220 222 224 241 242 244 245 247 249 251 253 255 258 276 277 279 280 282 284 286 288 290 293 316 318 320 323 327
211 212 214 215 216 218 219 221 222 225 241 243 244 246 247 250 252 253 256 259 276 278 279 281 282 285 287 288 291 294 317 318 321 324 328
211 213 214 215 217 218 219 223 224 225 242 243 244 248 249 250 254 255 256 260 277 278 279 283 284 285 289 290 291 295 319 320 321 325 329
212 213 214 215 220 221 222 223 224 225 245 246 247 248 249 250 257 258 259 260 280 281 282 283 284 285 292 293 294 295 322 323 324 325 330
216 217 218 219 220 221 222 223 224 225 251 252 253 254 255 256 257 258 259 260 286 287 288 289 290 291 292 293 294 295 326 327 328 329 330
226 227 228 229 231 232 233 235 236 238 241 242 243 245 246 248 251 252 254 257 296 297 298 300 301 303 306 307 309 312 316 317 319 322 326
226 227 228 230 231 232 234 235 237 239 241 242 244 245 247 249 251 253 255 258 296 297 299 300 302 304 306 308 310 313 316 318 320 323 327
226 227 229 230 231 233 234 236 237 240 241 243 244 246 247 250 252 253 256 259 296 298 299 301 302 305 307 308 311 314 317 318 321 324 328
226 228 229 230 232 233 234 238 239 240 242 243 244 248 249 250 254 255 256 260 297 298 299 303 304 305 309 310 311 315 319 320 321 325 329
227 228 229 230 235 236 237 238 239 240 245 246 247 248 249 250 257 258 259 260 300 301 302 303 304 305 312 313 314 315 322 323 324 325 330
231 232 233 234 235 236 237 238 239 240 251 252 253 254 255 256 257 258 259 260 306 307 308 309 310 311 312 313 314 315 326 327 328 329 330
241 242 243 244 245 246 247 248 249 250 251 252 253 254 255 256 257 258 259 260 316 317 318 319 320 321 322 323 324 325 326 327 328 329 330
261 262 263 264 266 267 268 270 271 273 276 277 278 280 281 283 286 287 289 292 296 297 298 300 301 303 306 307 309 312 316 317 319 322 326
261 262 263 265 266 267 269 270 272 274 276 277 279 280 282 284 286 288 290 293 296 297 299 300 302 304 306 308 310 313 316 318 320 323 327
261 262 264 265 266 268 269 271 272 275 276 278 279 281 282 285 287 288 291 294 296 298 299 301 302 305 307 308 311 314 317 318 321 324 328
261 263 264 265 267 268 269 273 274 275 277 278 279 283 284 285 289 290 291 295 297 298 299 303 304 305 309 310 311 315 319 320 321 325 329
262 263 264 265 270 271 272 273 274 275 280 281 282 283 284 285 292 293 294 295 300 301 302 303 304 305 312 313 314 315 322 323 324 325 330
266 267 268 269 270 271 272 273 274 275 286 287 288 289 290 291 292 293 294 295 306 307 308 309 310 311 312 313 314 315 326 327 328 329 330
276 277 278 279 280 281 282 283 284 285 286 287 288 289 290 291 292 293 294 295 316 317 318 319 320 321 322 323 324 325 326 327 328 329 330
296 297 298 299 300 301 302 303 304 305 306 307 308 309 310 311 312 313 314 315 316 317 318 319 320 321 322 323 324 325 326 327 328 329 330
