56 420
29 30 31 32 33 34 35 36 37 38 39 40 41 42 43
29 30 31 32 33 34 35 36 37 38 44 45 46 47 48
29 30 31 32 33 34 39 40 41 42 44 45 46 47 49
29 30 31 35 36 37 39 40 41 43 44 45 46 48 49
29 32 33 35 36 38 39 40 42 43 44 45 47 48 49
30 32 34 35 37 38 39 41 42 43 44 46 47 48 49
31 33 34 36 37 38 40 41 42 43 45 46 47 48 49
29 30 31 32 33 34 35 36 37 38 50 51 52 53 54
29 30 31 32 33 34 39 40 41 42 50 51 52 53 55
29 30 31 35 36 37 39 40 41 43 50 51 52 54 55
29 32 33 35 36 38 39 40 42 43 50 51 53 54 55
30 32 34 35 37 38 39 41 42 43 50 52 53 54 55
31 33 34 36 37 38 40 41 42 43 51 52 53 54 55
29 30 31 32 33 34 44 45 46 47 50 51 52 53 56
29 30 31 35 36 37 44 45 46 48 50 51 52 54 56
29 32 33 35 36 38 44 45 47 48 50 51 53 54 56
30 32 34 35 37 38 44 46 47 48 50 52 53 54 56
31 33 34 36 37 38 45 46 47 48 51 52 53 54 56
29 30 31 39 40 41 44 45 46 49 50 51 52 55 56
29 32 33 39 40 42 44 45 47 49 50 51 53 55 56
30 32 34 39 41 42 44 46 47 49 50 52 53 55 56
31 33 34 40 41 42 45 46 47 49 51 52 53 55 56
29 35 36 39 40 43 44 45 48 49 50 51 54 55 56
30 35 37 39 41 43 44 46 48 49 50 52 54 55 56
31 36 37 40 41 43 45 46 48 49 51 52 54 55 56
32 35 38 39 42 43 44 47 48 49 50 53 54 55 56
33 36 38 40 42 43 45 47 48 49 51 53 54 55 56
34 37 38 41 42 43 46 47 48 49 52 53 54 55 56
1 2 3 4 5 8 9 10 11 14 15 16 19 20 23
1 2 3 4 6 8 9 10 12 14 15 17 19 21 24
1 2 3 4 7 8 9 10 13 14 15 18 19 22 25
1 2 3 5 6 8 9 11 12 14 16 17 20 21 26
1 2 3 5 7 8 9 11 13 14 16 18 20 22 27
1 2 3 6 7 8 9 12 13 14 17 18 21 22 28
1 2 4 5 6 8 10 11 12 15 16 17 23 24 26
1 2 4 5 7 8 10 11 13 15 16 18 23 25 27
1 2 4 6 7 8 10 12 13 15 17 18 24 25 28
1 2 5 6 7 8 11 12 13 16 17 18 26 27 28
1 3 4 5 6 9 10 11 12 19 20 21 23 24 26
1 3 4 5 7 9 10 11 13 19 20 22 23 25 27
1 3 4 6 7 9 10 12 13 19 21 22 24 25 28
1 3 5 6 7 9 11 12 13 20 21 22 26 27 28
1 4 5 6 7 10 11 12 13 23 24 25 26 27 28
2 3 4 5 6 14 15 16 17 19 20 21 23 24 26
2 3 4 5 7 14 15 16 18 19 20 22 23 25 27
2 3 4 6 7 14 15 17 18 19 21 22 24 25 28
2 3 5 6 7 14 16 17 18 20 21 22 26 27 28
2 4 5 6 7 15 16 17 18 23 24 25 26 27 28
3 4 5 6 7 19 20 21 22 23 24 25 26 27 28
8 9 10 11 12 14 15 16 17 19 20 21 23 24 26
8 9 10 11 13 14 15 16 18 19 20 22 23 25 27
8 9 10 12 13 14 15 17 18 19 21 22 24 25 28
8 9 11 12 13 14 16 17 18 20 21 22 26 27 28
8 10 11 12 13 15 16 17 18 23 24 25 26 27 28
9 10 11 12 13 19 20 21 22 23 24 25 26 27 28
14 15 16 17 18 19 20 21 22 23 24 25 26 27 28
