420 3150
211 212 213 214 215 216 217 218 219 220 221 222 223 224 225
211 212 213 214 215 226 227 228 229 230 231 232 233 234 235
211 216 217 218 219 226 227 228 229 236 237 238 239 240 241
212 216 220 221 222 226 230 231 232 236 237 238 242 243 244
213 217 220 223 224 227 230 233 234 236 239 240 242 243 245
214 218 221 223 225 228 231 233 235 237 239 241 242 244 245
215 219 222 224 225 229 232 234 235 238 240 241 243 244 245
211 212 213 214 215 246 247 248 249 250 251 252 253 254 255
211 216 217 218 219 246 247 248 249 256 257 258 259 260 261
212 216 220 221 222 246 250 251 252 256 257 258 262 263 264
213 217 220 223 224 247 250 253 254 256 259 260 262 263 265
214 218 221 223 225 248 251 253 255 257 259 261 262 264 265
215 219 222 224 225 249 252 254 255 258 260 261 263 264 265
211 226 227 228 229 246 247 248 249 266 267 268 269 270 271
212 226 230 231 232 246 250 251 252 266 267 268 272 273 274
213 227 230 233 234 247 250 253 254 266 269 270 272 273 275
214 228 231 233 235 248 251 253 255 267 269 271 272 274 275
215 229 232 234 235 249 252 254 255 268 270 271 273 274 275
216 226 236 237 238 246 256 257 258 266 267 268 276 277 278
217 227 236 239 240 247 256 259 260 266 269 270 276 277 279
218 228 237 239 241 248 257 259 261 267 269 271 276 278 279
219 229 238 240 241 249 258 260 261 268 270 271 277 278 279
220 230 236 242 243 250 256 262 263 266 272 273 276 277 280
221 231 237 242 244 251 257 262 264 267 272 274 276 278 280
222 232 238 243 244 252 258 263 264 268 273 274 277 278 280
223 233 239 242 245 253 259 262 265 269 272 275 276 279 280
224 234 240 243 245 254 260 263 265 270 273 275 277 279 280
225 235 241 244 245 255 261 264 265 271 274 275 278 279 280
211 212 213 214 215 281 282 283 284 285 286 287 288 289 290
211 216 217 218 219 281 282 283 284 291 292 293 294 295 296
212 216 220 221 222 281 285 286 287 291 292 293 297 298 299
213 217 220 223 224 282 285 288 289 291 294 295 297 298 300
214 218 221 223 225 283 286 288 290 292 294 296 297 299 300
215 219 222 224 225 284 287 289 290 293 295 296 298 299 300
211 226 227 228 229 281 282 283 284 301 302 303 304 305 306
212 226 230 231 232 281 285 286 287 301 302 303 307 308 309
213 227 230 233 234 282 285 288 289 301 304 305 307 308 310
214 228 231 233 235 283 286 288 290 302 304 306 307 309 310
215 229 232 234 235 284 287 289 290 303 305 306 308 309 310
216 226 236 237 238 281 291 292 293 301 302 303 311 312 313
217 227 236 239 240 282 291 294 295 301 304 305 311 312 314
218 228 237 239 241 283 292 294 296 302 304 306 311 313 314
219 229 238 240 241 284 293 295 296 303 305 306 312 313 314
220 230 236 242 243 285 291 297 298 301 307 308 311 312 315
221 231 237 242 244 286 292 297 299 302 307 309 311 313 315
222 232 238 243 244 287 293 298 299 303 308 309 312 313 315
223 233 239 242 245 288 294 297 300 304 307 310 311 314 315
224 234 240 243 245 289 295 298 300 305 308 310 312 314 315
225 235 241 244 245 290 296 299 300 306 309 310 313 314 315
211 246 247 248 249 281 282 283 284 316 317 318 319 320 321
212 246 250 251 252 281 285 286 287 316 317 318 322 323 324
213 247 250 253 254 282 285 288 289 316 319 320 322 323 325
214 248 251 253 255 283 286 288 290 317 319 321 322 324 325
215 249 252 254 255 284 287 289 290 318 320 321 323 324 325
216 246 256 257 258 281 291 292 293 316 317 318 326 327 328
217 247 256 259 260 282 291 294 295 316 319 320 326 327 329
218 248 257 259 261 283 292 294 296 317 319 321 326 328 329
219 249 258 260 261 284 293 295 296 318 320 321 327 328 329
220 250 256 262 263 285 291 297 298 316 322 323 326 327 330
221 251 257 262 264 286 292 297 299 317 322 324 326 328 330
222 252 258 263 264 287 293 298 299 318 323 324 327 328 330
223 253 259 262 265 288 294 297 300 319 322 325 326 329 330
224 254 260 263 265 289 295 298 300 320 323 325 327 329 330
225 255 261 264 265 290 296 299 300 321 324 325 328 329 330
226 246 266 267 268 281 301 302 303 316 317 318 331 332 333
227 247 266 269 270 282 301 304 305 316 319 320 331 332 334
228 248 267 269 271 283 302 304 306 317 319 321 331 333 334
229 249 268 270 271 284 303 305 306 318 320 321 332 333 334
230 250 266 272 273 285 301 307 308 316 322 323 331 332 335
231 251 267 272 274 286 302 307 309 317 322 324 331 333 335
232 252 268 273 274 287 303 308 309 318 323 324 332 333 335
233 253 269 272 275 288 304 307 310 319 322 325 331 334 335
234 254 270 273 275 289 305 308 310 320 323 325 332 334 335
235 255 271 274 275 290 306 309 310 321 324 325 333 334 335
236 256 266 276 277 291 301 311 312 316 326 327 331 332 336
237 257 267 276 278 292 302 311 313 317 326 328 331 333 336
238 258 268 277 278 293 303 312 313 318 327 328 332 333 336
239 259 269 276 279 294 304 311 314 319 326 329 331 334 336
240 260 270 277 279 295 305 312 314 320 327 329 332 334 336
241 261 271 278 279 296 306 313 314 321 328 329 333 334 336
242 262 272 276 280 297 307 311 315 322 326 330 331 335 336
243 263 273 277 280 298 308 312 315 323 327 330 332 335 336
244 264 274 278 280 299 309 313 315 324 328 330 333 335 336
245 265 275 279 280 300 310 314 315 325 329 330 334 335 336
211 212 213 214 215 337 338 339 340 341 342 343 344 345 346
211 216 217 218 219 337 338 339 340 347 348 349 350 351 352
212 216 220 221 222 337 341 342 343 347 348 349 353 354 355
213 217 220 223 224 338 341 344 345 347 350 351 353 354 356
214 218 221 223 225 339 342 344 346 348 350 352 353 355 356
215 219 222 224 225 340 343 345 346 349 351 352 354 355 356
211 226 227 228 229 337 338 339 340 357 358 359 360 361 362
212 226 230 231 232 337 341 342 343 357 358 359 363 364 365
213 227 230 233 234 338 341 344 345 357 360 361 363 364 366
214 228 231 233 235 339 342 344 346 358 360 362 363 365 366
215 229 232 234 235 340 343 345 346 359 361 362 364 365 366
216 226 236 237 238 337 347 348 349 357 358 359 367 368 369
217 227 236 239 240 338 347 350 351 357 360 361 367 368 370
218 228 237 239 241 339 348 350 352 358 360 362 367 369 370
219 229 238 240 241 340 349 351 352 359 361 362 368 369 370
220 230 236 242 243 341 347 353 354 357 363 364 367 368 371
221 231 237 242 244 342 348 353 355 358 363 365 367 369 371
222 232 238 243 244 343 349 354 355 359 364 365 368 369 371
223 233 239 242 245 344 350 353 356 360 363 366 367 370 371
224 234 240 243 245 345 351 354 356 361 364 366 368 370 371
225 235 241 244 245 346 352 355 356 362 365 366 369 370 371
211 246 247 248 249 337 338 339 340 372 373 374 375 376 377
212 246 250 251 252 337 341 342 343 372 373 374 378 379 380
213 247 250 253 254 338 341 344 345 372 375 376 378 379 381
214 248 251 253 255 339 342 344 346 373 375 377 378 380 381
215 249 252 254 255 340 343 345 346 374 376 377 379 380 381
216 246 256 257 258 337 347 348 349 372 373 374 382 383 384
217 247 256 259 260 338 347 350 351 372 375 376 382 383 385
218 248 257 259 261 339 348 350 352 373 375 377 382 384 385
219 249 258 260 261 340 349 351 352 374 376 377 383 384 385
220 250 256 262 263 341 347 353 354 372 378 379 382 383 386
221 251 257 262 264 342 348 353 355 373 378 380 382 384 386
222 252 258 263 264 343 349 354 355 374 379 380 383 384 386
223 253 259 262 265 344 350 353 356 375 378 381 382 385 386
224 254 260 263 265 345 351 354 356 376 379 381 383 385 386
225 255 261 264 265 346 352 355 356 377 380 381 384 385 386
226 246 266 267 268 337 357 358 359 372 373 374 387 388 389
227 247 266 269 270 338 357 360 361 372 375 376 387 388 390
228 248 267 269 271 339 358 360 362 373 375 377 387 389 390
229 249 268 270 271 340 359 361 362 374 376 377 388 389 390
230 250 266 272 273 341 357 363 364 372 378 379 387 388 391
231 251 267 272 274 342 358 363 365 373 378 380 387 389 391
232 252 268 273 274 343 359 364 365 374 379 380 388 389 391
233 253 269 272 275 344 360 363 366 375 378 381 387 390 391
234 254 270 273 275 345 361 364 366 376 379 381 388 390 391
235 255 271 274 275 346 362 365 366 377 380 381 389 390 391
236 256 266 276 277 347 357 367 368 372 382 383 387 388 392
237 257 267 276 278 348 358 367 369 373 382 384 387 389 392
238 258 268 277 278 349 359 368 369 374 383 384 388 389 392
239 259 269 276 279 350 360 367 370 375 382 385 387 390 392
240 260 270 277 279 351 361 368 370 376 383 385 388 390 392
241 261 271 278 279 352 362 369 370 377 384 385 389 390 392
242 262 272 276 280 353 363 367 371 378 382 386 387 391 392
243 263 273 277 280 354 364 368 371 379 383 386 388 391 392
244 264 274 278 280 355 365 369 371 380 384 386 389 391 392
245 265 275 279 280 356 366 370 371 381 385 386 390 391 392
211 281 282 283 284 337 338 339 340 393 394 395 396 397 398
212 281 285 286 287 337 341 342 343 393 394 395 399 400 401
213 282 285 288 289 338 341 344 345 393 396 397 399 400 402
214 283 286 288 290 339 342 344 346 394 396 398 399 401 402
215 284 287 289 290 340 343 345 346 395 397 398 400 401 402
216 281 291 292 293 337 347 348 349 393 394 395 403 404 405
217 282 291 294 295 338 347 350 351 393 396 397 403 404 406
218 283 292 294 296 339 348 350 352 394 396 398 403 405 406
219 284 293 295 296 340 349 351 352 395 397 398 404 405 406
220 285 291 297 298 341 347 353 354 393 399 400 403 404 407
221 286 292 297 299 342 348 353 355 394 399 401 403 405 407
222 287 293 298 299 343 349 354 355 395 400 401 404 405 407
223 288 294 297 300 344 350 353 356 396 399 402 403 406 407
224 289 295 298 300 345 351 354 356 397 400 402 404 406 407
225 290 296 299 300 346 352 355 356 398 401 402 405 406 407
226 281 301 302 303 337 357 358 359 393 394 395 408 409 410
227 282 301 304 305 338 357 360 361 393 396 397 408 409 411
228 283 302 304 306 339 358 360 362 394 396 398 408 410 411
229 284 303 305 306 340 359 361 362 395 397 398 409 410 411
230 285 301 307 308 341 357 363 364 393 399 400 408 409 412
231 286 302 307 309 342 358 363 365 394 399 401 408 410 412
232 287 303 308 309 343 359 364 365 395 400 401 409 410 412
233 288 304 307 310 344 360 363 366 396 399 402 408 411 412
234 289 305 308 310 345 361 364 366 397 400 402 409 411 412
235 290 306 309 310 346 362 365 366 398 401 402 410 411 412
236 291 301 311 312 347 357 367 368 393 403 404 408 409 413
237 292 302 311 313 348 358 367 369 394 403 405 408 410 413
238 293 303 312 313 349 359 368 369 395 404 405 409 410 413
239 294 304 311 314 350 360 367 370 396 403 406 408 411 413
240 295 305 312 314 351 361 368 370 397 404 406 409 411 413
241 296 306 313 314 352 362 369 370 398 405 406 410 411 413
242 297 307 311 315 353 363 367 371 399 403 407 408 412 413
243 298 308 312 315 354 364 368 371 400 404 407 409 412 413
244 299 309 313 315 355 365 369 371 401 405 407 410 412 413
245 300 310 314 315 356 366 370 371 402 406 407 411 412 413
246 281 316 317 318 337 372 373 374 393 394 395 414 415 416
247 282 316 319 320 338 372 375 376 393 396 397 414 415 417
248 283 317 319 321 339 373 375 377 394 396 398 414 416 417
249 284 318 320 321 340 374 376 377 395 397 398 415 416 417
250 285 316 322 323 341 372 378 379 393 399 400 414 415 418
251 286 317 322 324 342 373 378 380 394 399 401 414 416 418
252 287 318 323 324 343 374 379 380 395 400 401 415 416 418
253 288 319 322 325 344 375 378 381 396 399 402 414 417 418
254 289 320 323 325 345 376 379 381 397 400 402 415 417 418
255 290 321 324 325 346 377 380 381 398 401 402 416 417 418
256 291 316 326 327 347 372 382 383 393 403 404 414 415 419
257 292 317 326 328 348 373 382 384 394 403 405 414 416 419
258 293 318 327 328 349 374 383 384 395 404 405 415 416 419
259 294 319 326 329 350 375 382 385 396 403 406 414 417 419
260 295 320 327 329 351 376 383 385 397 404 406 415 417 419
261 296 321 328 329 352 377 384 385 398 405 406 416 417 419
262 297 322 326 330 353 378 382 386 399 403 407 414 418 419
263 298 323 327 330 354 379 383 386 400 404 407 415 418 419
264 299 324 328 330 355 380 384 386 401 405 407 416 418 419
265 300 325 329 330 356 381 385 386 402 406 407 417 418 419
266 301 316 331 332 357 372 387 388 393 408 409 414 415 420
267 302 317 331 333 358 373 387 389 394 408 410 414 416 420
268 303 318 332 333 359 374 388 389 395 409 410 415 416 420
269 304 319 331 334 360 375 387 390 396 408 411 414 417 420
270 305 320 332 334 361 376 388 390 397 409 411 415 417 420
271 306 321 333 334 362 377 389 390 398 410 411 416 417 420
272 307 322 331 335 363 378 387 391 399 408 412 414 418 420
273 308 323 332 335 364 379 388 391 400 409 412 415 418 420
274 309 324 333 335 365 380 389 391 401 410 412 416 418 420
275 310 325 334 335 366 381 390 391 402 411 412 417 418 420
276 311 326 331 336 367 382 387 392 403 408 413 414 419 420
277 312 327 332 336 368 383 388 392 404 409 413 415 419 420
278 313 328 333 336 369 384 389 392 405 410 413 416 419 420
279 314 329 334 336 370 385 390 392 406 411 413 417 419 420
280 315 330 335 336 371 386 391 392 407 412 413 418 419 420
1 2 3 8 9 14 29 30 35 50 85 86 91 106 141
1 2 4 8 10 15 29 31 36 51 85 87 92 107 142
1 2 5 8 11 16 29 32 37 52 85 88 93 108 143
1 2 6 8 12 17 29 33 38 53 85 89 94 109 144
1 2 7 8 13 18 29 34 39 54 85 90 95 110 145
1 3 4 9 10 19 30 31 40 55 86 87 96 111 146
1 3 5 9 11 20 30 32 41 56 86 88 97 112 147
1 3 6 9 12 21 30 33 42 57 86 89 98 113 148
1 3 7 9 13 22 30 34 43 58 86 90 99 114 149
1 4 5 10 11 23 31 32 44 59 87 88 100 115 150
1 4 6 10 12 24 31 33 45 60 87 89 101 116 151
1 4 7 10 13 25 31 34 46 61 87 90 102 117 152
1 5 6 11 12 26 32 33 47 62 88 89 103 118 153
1 5 7 11 13 27 32 34 48 63 88 90 104 119 154
1 6 7 12 13 28 33 34 49 64 89 90 105 120 155
2 3 4 14 15 19 35 36 40 65 91 92 96 121 156
2 3 5 14 16 20 35 37 41 66 91 93 97 122 157
2 3 6 14 17 21 35 38 42 67 91 94 98 123 158
2 3 7 14 18 22 35 39 43 68 91 95 99 124 159
2 4 5 15 16 23 36 37 44 69 92 93 100 125 160
2 4 6 15 17 24 36 38 45 70 92 94 101 126 161
2 4 7 15 18 25 36 39 46 71 92 95 102 127 162
2 5 6 16 17 26 37 38 47 72 93 94 103 128 163
2 5 7 16 18 27 37 39 48 73 93 95 104 129 164
2 6 7 17 18 28 38 39 49 74 94 95 105 130 165
3 4 5 19 20 23 40 41 44 75 96 97 100 131 166
3 4 6 19 21 24 40 42 45 76 96 98 101 132 167
3 4 7 19 22 25 40 43 46 77 96 99 102 133 168
3 5 6 20 21 26 41 42 47 78 97 98 103 134 169
3 5 7 20 22 27 41 43 48 79 97 99 104 135 170
3 6 7 21 22 28 42 43 49 80 98 99 105 136 171
4 5 6 23 24 26 44 45 47 81 100 101 103 137 172
4 5 7 23 25 27 44 46 48 82 100 102 104 138 173
4 6 7 24 25 28 45 46 49 83 101 102 105 139 174
5 6 7 26 27 28 47 48 49 84 103 104 105 140 175
8 9 10 14 15 19 50 51 55 65 106 107 111 121 176
8 9 11 14 16 20 50 52 56 66 106 108 112 122 177
8 9 12 14 17 21 50 53 57 67 106 109 113 123 178
8 9 13 14 18 22 50 54 58 68 106 110 114 124 179
8 10 11 15 16 23 51 52 59 69 107 108 115 125 180
8 10 12 15 17 24 51 53 60 70 107 109 116 126 181
8 10 13 15 18 25 51 54 61 71 107 110 117 127 182
8 11 12 16 17 26 52 53 62 72 108 109 118 128 183
8 11 13 16 18 27 52 54 63 73 108 110 119 129 184
8 12 13 17 18 28 53 54 64 74 109 110 120 130 185
9 10 11 19 20 23 55 56 59 75 111 112 115 131 186
9 10 12 19 21 24 55 57 60 76 111 113 116 132 187
9 10 13 19 22 25 55 58 61 77 111 114 117 133 188
9 11 12 20 21 26 56 57 62 78 112 113 118 134 189
9 11 13 20 22 27 56 58 63 79 112 114 119 135 190
9 12 13 21 22 28 57 58 64 80 113 114 120 136 191
10 11 12 23 24 26 59 60 62 81 115 116 118 137 192
10 11 13 23 25 27 59 61 63 82 115 117 119 138 193
10 12 13 24 25 28 60 61 64 83 116 117 120 139 194
11 12 13 26 27 28 62 63 64 84 118 119 120 140 195
14 15 16 19 20 23 65 66 69 75 121 122 125 131 196
14 15 17 19 21 24 65 67 70 76 121 123 126 132 197
14 15 18 19 22 25 65 68 71 77 121 124 127 133 198
14 16 17 20 21 26 66 67 72 78 122 123 128 134 199
14 16 18 20 22 27 66 68 73 79 122 124 129 135 200
14 17 18 21 22 28 67 68 74 80 123 124 130 136 201
15 16 17 23 24 26 69 70 72 81 125 126 128 137 202
15 16 18 23 25 27 69 71 73 82 125 127 129 138 203
15 17 18 24 25 28 70 71 74 83 126 127 130 139 204
16 17 18 26 27 28 72 73 74 84 128 129 130 140 205
19 20 21 23 24 26 75 76 78 81 131 132 134 137 206
19 20 22 23 25 27 75 77 79 82 131 133 135 138 207
19 21 22 24 25 28 76 77 80 83 132 133 136 139 208
20 21 22 26 27 28 78 79 80 84 134 135 136 140 209
23 24 25 26 27 28 81 82 83 84 137 138 139 140 210
29 30 31 35 36 40 50 51 55 65 141 142 146 156 176
29 30 32 35 37 41 50 52 56 66 141 143 147 157 177
29 30 33 35 38 42 50 53 57 67 141 144 148 158 178
29 30 34 35 39 43 50 54 58 68 141 145 149 159 179
29 31 32 36 37 44 51 52 59 69 142 143 150 160 180
29 31 33 36 38 45 51 53 60 70 142 144 151 161 181
29 31 34 36 39 46 51 54 61 71 142 145 152 162 182
29 32 33 37 38 47 52 53 62 72 143 144 153 163 183
29 32 34 37 39 48 52 54 63 73 143 145 154 164 184
29 33 34 38 39 49 53 54 64 74 144 145 155 165 185
30 31 32 40 41 44 55 56 59 75 146 147 150 166 186
30 31 33 40 42 45 55 57 60 76 146 148 151 167 187
30 31 34 40 43 46 55 58 61 77 146 149 152 168 188
30 32 33 41 42 47 56 57 62 78 147 148 153 169 189
30 32 34 41 43 48 56 58 63 79 147 149 154 170 190
30 33 34 42 43 49 57 58 64 80 148 149 155 171 191
31 32 33 44 45 47 59 60 62 81 150 151 153 172 192
31 32 34 44 46 48 59 61 63 82 150 152 154 173 193
31 33 34 45 46 49 60 61 64 83 151 152 155 174 194
32 33 34 47 48 49 62 63 64 84 153 154 155 175 195
35 36 37 40 41 44 65 66 69 75 156 157 160 166 196
35 36 38 40 42 45 65 67 70 76 156 158 161 167 197
35 36 39 40 43 46 65 68 71 77 156 159 162 168 198
35 37 38 41 42 47 66 67 72 78 157 158 163 169 199
35 37 39 41 43 48 66 68 73 79 157 159 164 170 200
35 38 39 42 43 49 67 68 74 80 158 159 165 171 201
36 37 38 44 45 47 69 70 72 81 160 161 163 172 202
36 37 39 44 46 48 69 71 73 82 160 162 164 173 203
36 38 39 45 46 49 70 71 74 83 161 162 165 174 204
37 38 39 47 48 49 72 73 74 84 163 164 165 175 205
40 41 42 44 45 47 75 76 78 81 166 167 169 172 206
40 41 43 44 46 48 75 77 79 82 166 168 170 173 207
40 42 43 45 46 49 76 77 80 83 167 168 171 174 208
41 42 43 47 48 49 78 79 80 84 169 170 171 175 209
44 45 46 47 48 49 81 82 83 84 172 173 174 175 210
50 51 52 55 56 59 65 66 69 75 176 177 180 186 196
50 51 53 55 57 60 65 67 70 76 176 178 181 187 197
50 51 54 55 58 61 65 68 71 77 176 179 182 188 198
50 52 53 56 57 62 66 67 72 78 177 178 183 189 199
50 52 54 56 58 63 66 68 73 79 177 179 184 190 200
50 53 54 57 58 64 67 68 74 80 178 179 185 191 201
51 52 53 59 60 62 69 70 72 81 180 181 183 192 202
51 52 54 59 61 63 69 71 73 82 180 182 184 193 203
51 53 54 60 61 64 70 71 74 83 181 182 185 194 204
52 53 54 62 63 64 72 73 74 84 183 184 185 195 205
55 56 57 59 60 62 75 76 78 81 186 187 189 192 206
55 56 58 59 61 63 75 77 79 82 186 188 190 193 207
55 57 58 60 61 64 76 77 80 83 187 188 191 194 208
56 57 58 62 63 64 78 79 80 84 189 190 191 195 209
59 60 61 62 63 64 81 82 83 84 192 193 194 195 210
65 66 67 69 70 72 75 76 78 81 196 197 199 202 206
65 66 68 69 71 73 75 77 79 82 196 198 200 203 207
65 67 68 70 71 74 76 77 80 83 197 198 201 204 208
66 67 68 72 73 74 78 79 80 84 199 200 201 205 209
69 70 71 72 73 74 81 82 83 84 202 203 204 205 210
75 76 77 78 79 80 81 82 83 84 206 207 208 209 210
85 86 87 91 92 96 106 107 111 121 141 142 146 156 176
85 86 88 91 93 97 106 108 112 122 141 143 147 157 177
85 86 89 91 94 98 106 109 113 123 141 144 148 158 178
85 86 90 91 95 99 106 110 114 124 141 145 149 159 179
85 87 88 92 93 100 107 108 115 125 142 143 150 160 180
85 87 89 92 94 101 107 109 116 126 142 144 151 161 181
85 87 90 92 95 102 107 110 117 127 142 145 152 162 182
85 88 89 93 94 103 108 109 118 128 143 144 153 163 183
85 88 90 93 95 104 108 110 119 129 143 145 154 164 184
85 89 90 94 95 105 109 110 120 130 144 145 155 165 185
86 87 88 96 97 100 111 112 115 131 146 147 150 166 186
86 87 89 96 98 101 111 113 116 132 146 148 151 167 187
86 87 90 96 99 102 111 114 117 133 146 149 152 168 188
86 88 89 97 98 103 112 113 118 134 147 148 153 169 189
86 88 90 97 99 104 112 114 119 135 147 149 154 170 190
86 89 90 98 99 105 113 114 120 136 148 149 155 171 191
87 88 89 100 101 103 115 116 118 137 150 151 153 172 192
87 88 90 100 102 104 115 117 119 138 150 152 154 173 193
87 89 90 101 102 105 116 117 120 139 151 152 155 174 194
88 89 90 103 104 105 118 119 120 140 153 154 155 175 195
91 92 93 96 97 100 121 122 125 131 156 157 160 166 196
91 92 94 96 98 101 121 123 126 132 156 158 161 167 197
91 92 95 96 99 102 121 124 127 133 156 159 162 168 198
91 93 94 97 98 103 122 123 128 134 157 158 163 169 199
91 93 95 97 99 104 122 124 129 135 157 159 164 170 200
91 94 95 98 99 105 123 124 130 136 158 159 165 171 201
92 93 94 100 101 103 125 126 128 137 160 161 163 172 202
92 93 95 100 102 104 125 127 129 138 160 162 164 173 203
92 94 95 101 102 105 126 127 130 139 161 162 165 174 204
93 94 95 103 104 105 128 129 130 140 163 164 165 175 205
96 97 98 100 101 103 131 132 134 137 166 167 169 172 206
96 97 99 100 102 104 131 133 135 138 166 168 170 173 207
96 98 99 101 102 105 132 133 136 139 167 168 171 174 208
97 98 99 103 104 105 134 135 136 140 169 170 171 175 209
100 101 102 103 104 105 137 138 139 140 172 173 174 175 210
106 107 108 111 112 115 121 122 125 131 176 177 180 186 196
106 107 109 111 113 116 121 123 126 132 176 178 181 187 197
106 107 110 111 114 117 121 124 127 133 176 179 182 188 198
106 108 109 112 113 118 122 123 128 134 177 178 183 189 199
106 108 110 112 114 119 122 124 129 135 177 179 184 190 200
106 109 110 113 114 120 123 124 130 136 178 179 185 191 201
107 108 109 115 116 118 125 126 128 137 180 181 183 192 202
107 108 110 115 117 119 125 127 129 138 180 182 184 193 203
107 109 110 116 117 120 126 127 130 139 181 182 185 194 204
108 109 110 118 119 120 128 129 130 140 183 184 185 195 205
111 112 113 115 116 118 131 132 134 137 186 187 189 192 206
111 112 114 115 117 119 131 133 135 138 186 188 190 193 207
111 113 114 116 117 120 132 133 136 139 187 188 191 194 208
112 113 114 118 119 120 134 135 136 140 189 190 191 195 209
115 116 117 118 119 120 137 138 139 140 192 193 194 195 210
121 122 123 125 126 128 131 132 134 137 196 197 199 202 206
121 122 124 125 127 129 131 133 135 138 196 198 200 203 207
121 123 124 126 127 130 132 133 136 139 197 198 201 204 208
122 123 124 128 129 130 134 135 136 140 199 200 201 205 209
125 126 127 128 129 130 137 138 139 140 202 203 204 205 210
131 132 133 134 135 136 137 138 139 140 206 207 208 209 210
141 142 143 146 147 150 156 157 160 166 176 177 180 186 196
141 142 144 146 148 151 156 158 161 167 176 178 181 187 197
141 142 145 146 149 152 156 159 162 168 176 179 182 188 198
141 143 144 147 148 153 157 158 163 169 177 178 183 189 199
141 143 145 147 149 154 157 159 164 170 177 179 184 190 200
141 144 145 148 149 155 158 159 165 171 178 179 185 191 201
142 143 144 150 151 153 160 161 163 172 180 181 183 192 202
142 143 145 150 152 154 160 162 164 173 180 182 184 193 203
142 144 145 151 152 155 161 162 165 174 181 182 185 194 204
143 144 145 153 154 155 163 164 165 175 183 184 185 195 205
146 147 148 150 151 153 166 167 169 172 186 187 189 192 206
146 147 149 150 152 154 166 168 170 173 186 188 190 193 207
146 148 149 151 152 155 167 168 171 174 187 188 191 194 208
147 148 149 153 154 155 169 170 171 175 189 190 191 195 209
150 151 152 153 154 155 172 173 174 175 192 193 194 195 210
156 157 158 160 161 163 166 167 169 172 196 197 199 202 206
156 157 159 160 162 164 166 168 170 173 196 198 200 203 207
156 158 159 161 162 165 167 168 171 174 197 198 201 204 208
157 158 159 163 164 165 169 170 171 175 199 200 201 205 209
160 161 162 163 164 165 172 173 174 175 202 203 204 205 210
166 167 168 169 170 171 172 173 174 175 206 207 208 209 210
176 177 178 180 181 183 186 187 189 192 196 197 199 202 206
176 177 179 180 182 184 186 188 190 193 196 198 200 203 207
176 178 179 181 182 185 187 188 191 194 197 198 201 204 208
177 178 179 183 184 185 189 190 191 195 199 200 201 205 209
180 181 182 183 184 185 192 193 194 195 202 203 204 205 210
186 187 188 189 190 191 192 193 194 195 206 207 208 209 210
196 197 198 199 200 201 202 203 204 205 206 207 208 209 210
