112 560
57 58 59 60 61 62 63 64 65 66
57 58 59 60 67 68 69 70 71 72
57 61 62 63 67 68 69 73 74 75
58 61 64 65 67 70 71 73 74 76
59 62 64 66 68 70 72 73 75 76
60 63 65 66 69 71 72 74 75 76
57 58 59 60 77 78 79 80 81 82
57 61 62 63 77 78 79 83 84 85
58 61 64 65 77 80 81 83 84 86
59 62 64 66 78 80 82 83 85 86
60 63 65 66 79 81 82 84 85 86
57 67 68 69 77 78 79 87 88 89
58 67 70 71 77 80 81 87 88 90
59 68 70 72 78 80 82 87 89 90
60 69 71 72 79 81 82 88 89 90
61 67 73 74 77 83 84 87 88 91
62 68 73 75 78 83 85 87 89 91
63 69 74 75 79 84 85 88 89 91
64 70 73 76 80 83 86 87 90 91
65 71 74 76 81 84 86 88 90 91
66 72 75 76 82 85 86 89 90 91
57 58 59 60 92 93 94 95 96 97
57 61 62 63 92 93 94 98 99 100
58 61 64 65 92 95 96 98 99 101
59 62 64 66 93 95 97 98 100 101
60 63 65 66 94 96 97 99 100 101
57 67 68 69 92 93 94 102 103 104
58 67 70 71 92 95 96 102 103 105
59 68 70 72 93 95 97 102 104 105
60 69 71 72 94 96 97 103 104 105
61 67 73 74 92 98 99 102 103 106
62 68 73 75 93 98 100 102 104 106
63 69 74 75 94 99 100 103 104 106
64 70 73 76 95 98 101 102 105 106
65 71 74 76 96 99 101 103 105 106
66 72 75 76 97 100 101 104 105 106
57 77 78 79 92 93 94 107 108 109
58 77 80 81 92 95 96 107 108 110
59 78 80 82 93 95 97 107 109 110
60 79 81 82 94 96 97 108 109 110
61 77 83 84 92 98 99 107 108 111
62 78 83 85 93 98 100 107 109 111
63 79 84 85 94 99 100 108 109 111
64 80 83 86 95 98 101 107 110 111
65 81 84 86 96 99 101 108 110 111
66 82 85 86 97 100 101 109 110 111
67 77 87 88 92 102 103 107 108 112
68 78 87 89 93 102 104 107 109 112
69 79 88 89 94 103 104 108 109 112
70 80 87 90 95 102 105 107 110 112
71 81 88 90 96 103 105 108 110 112
72 82 89 90 97 104 105 109 110 112
73 83 87 91 98 102 106 107 111 112
74 84 88 91 99 103 106 108 111 112
75 85 89 91 100 104 106 109 111 112
76 86 90 91 101 105 106 110 111 112
1 2 3 7 8 12 22 23 27 37
1 2 4 7 9 13 22 24 28 38
1 2 5 7 10 14 22 25 29 39
1 2 6 7 11 15 22 26 30 40
1 3 4 8 9 16 23 24 31 41
1 3 5 8 10 17 23 25 32 42
1 3 6 8 11 18 23 26 33 43
1 4 5 9 10 19 24 25 34 44
1 4 6 9 11 20 24 26 35 45
1 5 6 10 11 21 25 26 36 46
2 3 4 12 13 16 27 28 31 47
2 3 5 12 14 17 27 29 32 48
2 3 6 12 15 18 27 30 33 49
2 4 5 13 14 19 28 29 34 50
2 4 6 13 15 20 28 30 35 51
2 5 6 14 15 21 29 30 36 52
3 4 5 16 17 19 31 32 34 53
3 4 6 16 18 20 31 33 35 54
3 5 6 17 18 21 32 33 36 55
4 5 6 19 20 21 34 35 36 56
7 8 9 12 13 16 37 38 41 47
7 8 10 12 14 17 37 39 42 48
7 8 11 12 15 18 37 40 43 49
7 9 10 13 14 19 38 39 44 50
7 9 11 13 15 20 38 40 45 51
7 10 11 14 15 21 39 40 46 52
8 9 10 16 17 19 41 42 44 53
8 9 11 16 18 20 41 43 45 54
8 10 11 17 18 21 42 43 46 55
9 10 11 19 20 21 44 45 46 56
12 13 14 16 17 19 47 48 50 53
12 13 15 16 18 20 47 49 51 54
12 14 15 17 18 21 48 49 52 55
13 14 15 19 20 21 50 51 52 56
16 17 18 19 20 21 53 54 55 56
22 23 24 27 28 31 37 38 41 47
22 23 25 27 29 32 37 39 42 48
22 23 26 27 30 33 37 40 43 49
22 24 25 28 29 34 38 39 44 50
22 24 26 28 30 35 38 40 45 51
22 25 26 29 30 36 39 40 46 52
23 24 25 31 32 34 41 42 44 53
23 24 26 31 33 35 41 43 45 54
23 25 26 32 33 36 42 43 46 55
24 25 26 34 35 36 44 45 46 56
27 28 29 31 32 34 47 48 50 53
27 28 30 31 33 35 47 49 51 54
27 29 30 32 33 36 48 49 52 55
28 29 30 34 35 36 50 51 52 56
31 32 33 34 35 36 53 54 55 56
37 38 39 41 42 44 47 48 50 53
37 38 40 41 43 45 47 49 51 54
37 39 40 42 43 46 48 49 52 55
38 39 40 44 45 46 50 51 52 56
41 42 43 44 45 46 53 54 55 56
47 48 49 50 51 52 53 54 55 56
