31 93
2 3 4 5 6 7
1 3 4 8 9 14
1 2 5 9 11 16
1 2 6 8 10 15
1 3 7 11 13 18
1 4 7 10 12 19
1 5 6 12 13 17
2 4 14 15 21 26
2 3 14 16 20 27
4 6 15 19 24 31
3 5 16 18 25 30
6 7 17 19 22 29
5 7 17 18 23 28
2 8 9 20 26 28
4 8 10 21 30 31
3 9 11 25 27 29
7 12 13 22 26 28
5 11 13 23 30 31
6 10 12 24 27 29
9 14 23 24 27 28
8 15 22 25 26 30
12 17 21 25 26 29
13 18 20 24 28 31
10 19 20 23 27 31
11 16 21 22 29 30
8 14 17 21 22 28
9 16 19 20 24 29
13 14 17 20 23 26
12 16 19 22 25 27
11 15 18 21 25 31
10 15 18 23 24 30
