30 120
11 12 15 16 25 26 29 30
11 12 15 16 25 26 29 30
13 14 17 18 21 22 27 28
13 14 17 18 21 22 27 28
15 16 19 20 23 24 29 30
15 16 19 20 23 24 29 30
11 12 17 18 21 22 25 26
11 12 17 18 21 22 25 26
13 14 19 20 23 24 27 28
13 14 19 20 23 24 27 28
1 2 7 8 23 24 27 28
1 2 7 8 23 24 27 28
3 4 9 10 25 26 29 30
3 4 9 10 25 26 29 30
1 2 5 6 21 22 27 28
1 2 5 6 21 22 27 28
3 4 7 8 23 24 29 30
3 4 7 8 23 24 29 30
5 6 9 10 21 22 25 26
5 6 9 10 21 22 25 26
3 4 7 8 15 16 19 20
3 4 7 8 15 16 19 20
5 6 9 10 11 12 17 18
5 6 9 10 11 12 17 18
1 2 7 8 13 14 19 20
1 2 7 8 13 14 19 20
3 4 9 10 11 12 15 16
3 4 9 10 11 12 15 16
1 2 5 6 13 14 17 18
1 2 5 6 13 14 17 18
