31 155
2 5 8 11 14 17 20 23 26 29
1 3 4 8 9 15 17 18 22 26
2 6 7 17 20 22 25 26 28 30
2 9 12 13 14 15 16 22 25 30
1 6 7 11 12 18 20 21 25 29
3 5 9 10 20 23 25 28 29 31
3 5 12 15 16 17 18 19 25 28
1 2 9 10 14 15 21 23 24 28
2 4 6 8 12 13 23 26 28 31
6 8 15 18 19 20 21 22 28 31
1 5 12 13 17 18 24 26 27 31
4 5 7 9 11 15 16 26 29 31
4 9 11 18 21 22 23 24 25 31
1 4 8 15 16 20 21 27 29 30
2 4 7 8 10 12 14 18 19 29
4 7 12 14 21 24 25 26 27 28
1 2 3 7 11 18 19 23 24 30
2 5 7 10 11 13 15 17 21 22
7 10 15 17 24 27 28 29 30 31
1 3 5 6 10 14 21 22 26 27
5 8 10 13 14 16 18 20 24 25
2 3 4 10 13 18 20 27 30 31
1 6 8 9 13 17 24 25 29 30
8 11 13 16 17 19 21 23 27 28
3 4 5 6 7 13 16 21 23 30
1 2 3 9 11 12 16 20 27 28
11 14 16 19 20 22 24 26 30 31
3 6 7 8 9 10 16 19 24 26
1 5 6 12 14 15 19 23 30 31
3 4 14 17 19 22 23 25 27 29
6 9 10 11 12 13 19 22 27 29
