61 610
2 5 8 11 14 17 20 23 26 29 32 35 38 41 44 47 50 53 56 59
1 3 4 10 11 13 14 21 25 29 33 35 37 46 48 50 53 55 57 58
2 8 13 16 17 18 21 24 25 27 31 32 37 39 42 43 44 45 46 48
2 7 8 10 11 20 21 24 29 30 34 36 41 42 51 53 54 56 58 61
1 6 7 13 14 16 17 24 28 32 36 38 40 49 51 53 56 58 60 61
5 11 16 19 20 21 24 27 28 30 34 35 40 42 45 46 47 48 49 51
4 5 10 11 13 14 23 24 27 32 33 37 39 44 45 54 56 57 59 61
1 3 4 9 10 16 17 19 20 27 31 35 39 41 43 52 54 56 59 61
8 14 19 22 23 24 27 30 31 33 37 38 43 45 48 49 50 51 52 54
2 4 7 8 13 14 16 17 26 27 30 35 36 40 42 47 48 57 59 60
1 2 4 6 7 12 13 19 20 22 23 30 34 38 42 44 46 55 57 59
11 17 22 25 26 27 30 33 34 36 40 41 46 48 51 52 53 54 55 57
2 3 5 7 10 11 16 17 19 20 29 30 33 38 39 43 45 50 51 60
1 2 5 7 9 10 15 16 22 23 25 26 33 37 41 45 47 49 58 60
14 20 25 28 29 30 33 36 37 39 43 44 49 51 54 55 56 57 58 60
3 5 6 8 10 13 14 19 20 22 23 32 33 36 41 42 46 48 53 54
1 3 5 8 10 12 13 18 19 25 26 28 29 36 40 44 48 50 52 61
3 17 23 28 31 32 33 36 39 40 42 46 47 52 54 57 58 59 60 61
6 8 9 11 13 16 17 22 23 25 26 35 36 39 44 45 49 51 56 57
1 4 6 8 11 13 15 16 21 22 28 29 31 32 39 43 47 51 53 55
2 3 4 6 20 26 31 34 35 36 39 42 43 45 49 50 55 57 60 61
9 11 12 14 16 19 20 25 26 28 29 38 39 42 47 48 52 54 59 60
1 7 9 11 14 16 18 19 24 25 31 32 34 35 42 46 50 54 56 58
3 4 5 6 7 9 23 29 34 37 38 39 42 45 46 48 52 53 58 60
2 3 12 14 15 17 19 22 23 28 29 31 32 41 42 45 50 51 55 57
1 10 12 14 17 19 21 22 27 28 34 35 37 38 45 49 53 57 59 61
3 6 7 8 9 10 12 26 32 37 40 41 42 45 48 49 51 55 56 61
5 6 15 17 18 20 22 25 26 31 32 34 35 44 45 48 53 54 58 60
1 2 4 13 15 17 20 22 24 25 30 31 37 38 40 41 48 52 56 60
4 6 9 10 11 12 13 15 29 35 40 43 44 45 48 51 52 54 58 59
3 8 9 18 20 21 23 25 28 29 34 35 37 38 47 48 51 56 57 61
1 3 5 7 16 18 20 23 25 27 28 33 34 40 41 43 44 51 55 59
2 7 9 12 13 14 15 16 18 32 38 43 46 47 48 51 54 55 57 61
4 6 11 12 21 23 24 26 28 31 32 37 38 40 41 50 51 54 59 60
1 2 6 8 10 19 21 23 26 28 30 31 36 37 43 44 46 47 54 58
4 5 10 12 15 16 17 18 19 21 35 41 46 49 50 51 54 57 58 60
2 3 7 9 14 15 24 26 27 29 31 34 35 40 41 43 44 53 54 57
1 5 9 11 13 22 24 26 29 31 33 34 39 40 46 47 49 50 57 61
3 7 8 13 15 18 19 20 21 22 24 38 44 49 52 53 54 57 60 61
5 6 10 12 17 18 27 29 30 32 34 37 38 43 44 46 47 56 57 60
1 4 8 12 14 16 25 27 29 32 34 36 37 42 43 49 50 52 53 60
3 4 6 10 11 16 18 21 22 23 24 25 27 41 47 52 55 56 57 60
3 8 9 13 15 20 21 30 32 33 35 37 40 41 46 47 49 50 59 60
1 3 7 11 15 17 19 28 30 32 35 37 39 40 45 46 52 53 55 56
3 6 7 9 13 14 19 21 24 25 26 27 28 30 44 50 55 58 59 60
2 3 6 11 12 16 18 23 24 33 35 36 38 40 43 44 49 50 52 53
1 6 10 14 18 20 22 31 33 35 38 40 42 43 48 49 55 56 58 59
2 3 6 9 10 12 16 17 22 24 27 28 29 30 31 33 47 53 58 61
5 6 9 14 15 19 21 26 27 36 38 39 41 43 46 47 52 53 55 56
1 2 9 13 17 21 23 25 34 36 38 41 43 45 46 51 52 58 59 61
4 5 6 9 12 13 15 19 20 25 27 30 31 32 33 34 36 50 56 61
8 9 12 17 18 22 24 29 30 39 41 42 44 46 49 50 55 56 58 59
1 2 4 5 12 16 20 24 26 28 37 39 41 44 46 48 49 54 55 61
4 7 8 9 12 15 16 18 22 23 28 30 33 34 35 36 37 39 53 59
2 11 12 15 20 21 25 27 32 33 42 44 45 47 49 52 53 58 59 61
1 4 5 7 8 15 19 23 27 29 31 40 42 44 47 49 51 52 57 58
2 7 10 11 12 15 18 19 21 25 26 31 33 36 37 38 39 40 42 56
2 4 5 14 15 18 23 24 28 30 35 36 45 47 48 50 52 55 56 61
1 7 8 10 11 18 22 26 30 32 34 43 45 47 50 52 54 55 60 61
5 10 13 14 15 18 21 22 24 28 29 34 36 39 40 41 42 43 45 59
4 5 7 8 17 18 21 26 27 31 33 38 39 48 50 51 53 55 58 59
