37 222
2 5 8 11 14 17 20 23 26 29 32 35
1 3 7 8 15 16 18 30 31 32 34 36
2 5 6 11 12 13 22 23 26 28 30 36
8 11 15 16 19 21 22 25 26 28 30 35
1 3 6 10 11 18 19 21 33 34 35 37
3 5 8 9 14 15 16 25 26 29 31 33
2 11 14 18 19 22 24 25 28 29 31 33
1 2 4 6 9 13 14 21 22 24 36 37
6 8 11 12 17 18 19 28 29 32 34 36
5 14 17 21 22 25 27 28 31 32 34 36
1 3 4 5 7 9 12 16 17 24 25 27
3 9 11 14 15 20 21 22 31 32 35 37
3 8 17 20 24 25 28 30 31 34 35 37
1 6 7 8 10 12 15 19 20 27 28 30
2 4 6 12 14 17 18 23 24 25 34 35
2 4 6 11 20 23 27 28 31 33 34 37
1 9 10 11 13 15 18 22 23 30 31 33
2 5 7 9 15 17 20 21 26 27 28 37
4 5 7 9 14 23 26 30 31 34 36 37
1 12 13 14 16 18 21 25 26 33 34 36
4 5 8 10 12 18 20 23 24 29 30 31
3 4 7 8 10 12 17 26 29 33 34 37
1 3 15 16 17 19 21 24 28 29 36 37
7 8 11 13 15 21 23 26 27 32 33 34
4 6 7 10 11 13 15 20 29 32 36 37
1 3 4 6 18 19 20 22 24 27 31 32
10 11 14 16 18 24 26 29 30 35 36 37
3 4 7 9 10 13 14 16 18 23 32 35
1 6 7 9 21 22 23 25 27 30 34 35
2 3 4 13 14 17 19 21 27 29 32 33
2 6 7 10 12 13 16 17 19 21 26 35
1 2 9 10 12 24 25 26 28 30 33 37
5 6 7 16 17 20 22 24 30 32 35 36
2 5 9 10 13 15 16 19 20 22 24 29
1 4 5 12 13 15 27 28 29 31 33 36
2 3 8 9 10 19 20 23 25 27 33 35
5 8 12 13 16 18 19 22 23 25 27 32
