67 737
2 5 8 11 14 17 20 23 26 29 32 35 38 41 44 47 50 53 56 59 62 65
1 3 4 6 11 14 18 22 27 30 31 32 36 37 38 42 54 55 56 58 59 63
2 6 8 9 10 17 18 22 25 29 35 41 44 46 52 53 54 58 61 63 65 66
2 12 14 15 17 21 22 25 27 28 31 35 37 41 43 46 48 49 50 51 52 63
1 6 7 9 14 17 21 25 30 33 34 35 39 40 41 45 57 58 59 61 62 66
2 3 5 9 11 12 13 20 21 25 28 32 38 44 47 49 55 56 57 61 64 66
5 15 17 18 20 24 25 28 30 31 34 38 40 44 46 49 51 52 53 54 55 66
1 3 9 10 12 17 20 24 28 33 36 37 38 42 43 44 48 60 61 62 64 65
3 5 6 8 12 14 15 16 23 24 28 31 35 41 47 50 52 58 59 60 64 67
3 8 18 20 21 23 27 28 31 33 34 37 41 43 47 49 52 54 55 56 57 58
1 2 6 12 13 15 20 23 27 31 36 39 40 41 45 46 47 51 63 64 65 67
4 6 8 9 11 15 17 18 19 26 27 31 34 38 44 50 53 55 61 62 63 67
6 11 21 23 24 26 30 31 34 36 37 40 44 46 50 52 55 57 58 59 60 61
1 2 4 5 9 15 16 18 23 26 30 34 39 42 43 44 48 49 50 54 66 67
4 7 9 11 12 14 18 20 21 22 29 30 34 37 41 47 53 56 58 64 65 66
9 14 24 26 27 29 33 34 37 39 40 43 47 49 53 55 58 60 61 62 63 64
1 3 4 5 7 8 12 18 19 21 26 29 33 37 42 45 46 47 51 52 53 57
2 3 7 10 12 14 15 17 21 23 24 25 32 33 37 40 44 50 56 59 61 67
12 17 27 29 30 32 36 37 40 42 43 46 50 52 56 58 61 63 64 65 66 67
1 6 7 8 10 11 15 21 22 24 29 32 36 40 45 48 49 50 54 55 56 60
4 5 6 10 13 15 17 18 20 24 26 27 28 35 36 40 43 47 53 59 62 64
2 3 4 15 20 30 32 33 35 39 40 43 45 46 49 53 55 59 61 64 66 67
1 9 10 11 13 14 18 24 25 27 32 35 39 43 48 51 52 53 57 58 59 63
7 8 9 13 16 18 20 21 23 27 29 30 31 38 39 43 46 50 56 62 65 67
3 4 5 6 7 18 23 33 35 36 38 42 43 46 48 49 52 56 58 62 64 67
1 12 13 14 16 17 21 27 28 30 35 38 42 46 51 54 55 56 60 61 62 66
2 4 10 11 12 16 19 21 23 24 26 30 32 33 34 41 42 46 49 53 59 65
4 6 7 8 9 10 21 26 36 38 39 41 45 46 49 51 52 55 59 61 65 67
1 3 15 16 17 19 20 24 30 31 33 38 41 45 49 54 57 58 59 63 64 65
2 5 7 13 14 15 19 22 24 26 27 29 33 35 36 37 44 45 49 52 56 62
2 4 7 9 10 11 12 13 24 29 39 41 42 44 48 49 52 54 55 58 62 64
1 2 6 18 19 20 22 23 27 33 34 36 41 44 48 52 57 60 61 62 66 67
5 8 10 16 17 18 22 25 27 29 30 32 36 38 39 40 47 48 52 55 59 65
5 7 10 12 13 14 15 16 27 32 42 44 45 47 51 52 55 57 58 61 65 67
1 3 4 5 9 21 22 23 25 26 30 36 37 39 44 47 51 55 60 63 64 65
2 8 11 13 19 20 21 25 28 30 32 33 35 39 41 42 43 50 51 55 58 62
2 4 8 10 13 15 16 17 18 19 30 35 45 47 48 50 54 55 58 60 61 64
1 2 6 7 8 12 24 25 26 28 29 33 39 40 42 47 50 54 58 63 66 67
5 11 14 16 22 23 24 28 31 33 35 36 38 42 44 45 46 53 54 58 61 65
5 7 11 13 16 18 19 20 21 22 33 38 48 50 51 53 57 58 61 63 64 67
1 3 4 5 9 10 11 15 27 28 29 31 32 36 42 43 45 50 53 57 61 66
2 8 14 17 19 25 26 27 31 34 36 38 39 41 45 47 48 49 56 57 61 64
4 8 10 14 16 19 21 22 23 24 25 36 41 51 53 54 56 60 61 64 66 67
1 3 6 7 8 12 13 14 18 30 31 32 34 35 39 45 46 48 53 56 60 64
5 11 17 20 22 28 29 30 34 37 39 41 42 44 48 50 51 52 59 60 64 67
3 4 7 11 13 17 19 22 24 25 26 27 28 39 44 54 56 57 59 63 64 67
1 6 9 10 11 15 16 17 21 33 34 35 37 38 42 48 49 51 56 59 63 67
4 8 14 20 23 25 31 32 33 37 40 42 44 45 47 51 53 54 55 62 63 67
4 6 7 10 14 16 20 22 25 27 28 29 30 31 42 47 57 59 60 62 66 67
1 4 9 12 13 14 18 19 20 24 36 37 38 40 41 45 51 52 54 59 62 66
4 7 11 17 23 26 28 34 35 36 40 43 45 47 48 50 54 56 57 58 65 66
3 4 7 9 10 13 17 19 23 25 28 30 31 32 33 34 45 50 60 62 63 65
1 3 7 12 15 16 17 21 22 23 27 39 40 41 43 44 48 54 55 57 62 65
2 3 7 10 14 20 26 29 31 37 38 39 43 46 48 50 51 53 57 59 60 61
2 6 7 10 12 13 16 20 22 26 28 31 33 34 35 36 37 48 53 63 65 66
1 2 6 10 15 18 19 20 24 25 26 30 42 43 44 46 47 51 57 58 60 65
5 6 10 13 17 23 29 32 34 40 41 42 46 49 51 53 54 56 60 62 63 64
2 3 5 9 10 13 15 16 19 23 25 29 31 34 36 37 38 39 40 51 56 66
1 2 5 9 13 18 21 22 23 27 28 29 33 45 46 47 49 50 54 60 61 63
8 9 13 16 20 26 32 35 37 43 44 45 49 52 54 56 57 59 63 65 66 67
3 5 6 8 12 13 16 18 19 22 26 28 32 34 37 39 40 41 42 43 54 59
1 5 8 12 16 21 24 25 26 30 31 32 36 48 49 50 52 53 57 63 64 66
2 3 4 11 12 16 19 23 29 35 38 40 46 47 48 52 55 57 59 60 62 66
6 8 9 11 15 16 19 21 22 25 29 31 35 37 40 42 43 44 45 46 57 62
1 3 8 11 15 19 24 27 28 29 33 34 35 39 51 52 53 55 56 60 66 67
3 5 6 7 14 15 19 22 26 32 38 41 43 49 50 51 55 58 60 62 63 65
9 11 12 14 18 19 22 24 25 28 32 34 38 40 43 45 46 47 48 49 60 65
