70 140
36 37 38 39
36 40 41 42
37 40 43 44
38 41 43 45
39 42 44 45
36 46 47 48
37 46 49 50
38 47 49 51
39 48 50 51
40 46 52 53
41 47 52 54
42 48 53 54
43 49 52 55
44 50 53 55
45 51 54 55
36 56 57 58
37 56 59 60
38 57 59 61
39 58 60 61
40 56 62 63
41 57 62 64
42 58 63 64
43 59 62 65
44 60 63 65
45 61 64 65
46 56 66 67
47 57 66 68
48 58 67 68
49 59 66 69
50 60 67 69
51 61 68 69
52 62 66 70
53 63 67 70
54 64 68 70
55 65 69 70
1 2 6 16
1 3 7 17
1 4 8 18
1 5 9 19
2 3 10 20
2 4 11 21
2 5 12 22
3 4 13 23
3 5 14 24
4 5 15 25
6 7 10 26
6 8 11 27
6 9 12 28
7 8 13 29
7 9 14 30
8 9 15 31
10 11 13 32
10 12 14 33
11 12 15 34
13 14 15 35
16 17 20 26
16 18 21 27
16 19 22 28
17 18 23 29
17 19 24 30
18 19 25 31
20 21 23 32
20 22 24 33
21 22 25 34
23 24 25 35
26 27 29 32
26 28 30 33
27 28 31 34
29 30 31 35
32 33 34 35
