100 1100
50 51 54 55 57 58 59 60 61 63 65 66 69 71 74 76 78 79 80 86 89 98
42 43 46 47 48 49 60 61 62 64 70 71 72 73 75 76 78 79 81 83 95 96
38 40 44 45 46 47 53 55 56 57 65 68 69 70 75 77 78 79 82 87 92 93
39 40 41 43 44 48 50 52 54 56 63 64 67 68 73 74 78 79 84 90 91 94
38 39 41 42 45 49 51 52 53 58 59 62 66 67 72 77 78 79 85 88 97 99
29 31 33 35 36 37 59 62 63 64 67 68 69 75 76 77 78 80 81 84 85 93
26 27 32 33 34 37 53 54 56 58 65 67 71 72 73 75 78 80 82 94 95 99
27 28 30 31 34 35 51 52 55 56 61 64 70 72 74 77 78 80 83 87 91 97
26 28 29 30 32 36 50 52 53 57 60 62 66 68 70 73 78 80 88 90 92 96
23 24 32 34 35 36 44 45 48 49 66 67 69 70 71 74 78 81 82 90 97 98
24 25 29 30 33 34 41 42 44 46 61 63 65 66 73 77 78 81 86 91 92 99
23 25 30 31 32 37 41 43 45 47 59 60 65 68 72 74 78 81 87 88 89 94
24 25 27 28 36 37 39 40 47 49 57 58 73 74 76 77 78 82 83 84 86 88
23 25 26 28 33 35 38 39 46 48 54 55 66 68 72 76 78 82 85 89 91 96
22 25 26 31 34 36 40 42 45 48 52 55 58 60 63 75 78 83 85 92 94 98
22 24 26 30 35 37 39 43 45 46 51 56 57 62 63 71 78 83 89 90 93 99
22 25 27 29 32 35 38 43 44 49 52 54 57 59 61 75 78 84 87 96 98 99
22 24 28 31 32 33 38 41 47 48 50 56 58 61 62 69 78 84 89 92 95 97
22 23 28 29 34 37 40 41 46 49 51 53 54 60 64 69 78 85 86 87 90 95
22 23 27 30 33 36 39 42 44 47 50 53 55 59 64 71 78 86 93 94 96 97
23 24 26 27 29 31 38 40 42 43 50 51 65 67 70 76 78 88 91 93 95 98
15 16 17 18 19 20 65 66 67 68 70 72 73 74 76 77 79 80 81 82 88 91
10 12 14 19 20 21 52 56 57 58 61 62 63 73 75 77 79 80 83 84 92 99
10 11 13 16 18 21 52 53 54 55 59 60 64 68 72 75 79 80 85 87 94 96
11 12 13 14 15 17 50 51 53 56 62 64 67 69 70 71 79 80 90 93 95 97
7 9 14 15 16 21 41 44 47 49 59 61 64 69 74 77 79 81 84 86 87 97
7 8 13 17 20 21 41 45 46 48 60 62 63 66 68 69 79 81 85 89 90 92
8 9 13 14 18 19 42 43 44 45 59 63 65 67 71 75 79 81 93 94 98 99
6 9 11 17 19 21 39 45 47 48 55 56 58 71 72 74 79 82 83 89 94 97
8 9 11 12 16 20 38 40 48 49 54 58 67 69 75 76 79 82 84 85 95 98
6 8 12 15 18 21 39 44 46 49 53 54 57 66 71 73 79 82 86 90 96 99
7 9 10 12 17 18 39 40 42 46 51 55 63 64 76 77 79 83 85 86 91 93
6 7 11 14 18 20 40 43 45 49 51 52 57 60 70 74 79 83 87 88 90 98
7 8 10 11 15 19 38 39 43 47 50 57 59 62 68 76 79 84 88 89 93 96
6 8 10 14 16 17 40 41 42 47 50 53 58 60 65 73 79 86 88 92 94 95
6 9 10 13 15 20 38 41 43 46 51 54 56 61 65 72 79 87 89 91 95 99
6 7 12 13 16 19 38 42 44 48 50 52 55 61 66 70 79 91 92 96 97 98
3 5 14 17 18 21 30 34 36 37 60 63 64 71 73 74 80 81 83 86 90 94
4 5 13 14 16 20 29 31 32 34 60 61 65 69 70 75 80 81 87 92 95 98
3 4 13 15 19 21 30 32 33 35 59 61 62 66 71 72 80 81 89 96 97 99
4 5 11 12 18 19 26 27 35 36 55 57 70 71 75 76 80 82 83 93 96 98
2 5 11 15 20 21 28 32 35 37 54 56 57 68 69 74 80 82 84 87 89 90
2 4 12 16 17 21 28 33 34 36 53 55 58 66 69 77 80 82 85 86 92 97
3 4 10 11 17 20 26 28 31 37 51 58 60 62 72 76 80 83 85 88 89 95
3 5 10 12 15 16 27 28 29 33 50 54 61 64 73 76 80 84 86 91 95 96
2 3 11 14 16 19 27 31 32 36 50 52 58 59 67 74 80 84 88 94 97 98
2 3 12 13 18 20 26 29 34 35 51 52 54 63 66 67 80 85 90 91 98 99
2 4 10 14 15 18 27 29 30 37 51 53 57 59 65 77 80 86 87 88 93 99
2 5 10 13 17 19 26 30 31 33 50 55 56 63 65 68 80 89 91 92 93 94
1 4 9 18 20 21 25 34 35 37 45 46 49 72 75 77 81 82 83 85 87 99
1 5 8 16 19 21 25 32 33 36 44 47 48 68 73 75 81 82 84 92 94 96
4 5 8 9 15 17 23 24 33 37 46 47 65 69 71 76 81 82 86 89 93 95
3 5 7 9 19 20 24 25 31 35 43 48 61 63 74 76 81 83 84 89 91 98
1 4 7 14 17 19 24 30 31 36 42 45 47 62 70 77 81 83 88 92 93 97
1 3 8 14 15 20 24 29 32 37 41 43 49 62 67 73 81 84 88 90 95 99
3 4 7 8 16 18 23 25 29 36 42 49 59 60 66 76 81 85 86 88 96 98
1 3 9 13 16 17 23 31 33 34 41 42 48 64 67 72 81 85 91 94 95 97
1 5 7 13 15 18 23 29 30 35 43 44 46 64 68 70 81 87 90 91 93 96
1 5 6 12 17 20 24 26 28 34 40 46 48 56 70 73 82 83 90 91 92 95
1 2 9 12 15 19 24 27 33 35 38 39 44 56 67 77 82 84 91 93 97 99
1 2 8 11 17 18 23 26 36 37 39 40 45 53 67 68 82 85 88 90 93 94
2 5 6 9 16 18 23 25 27 34 40 44 54 55 65 74 82 86 87 91 94 98
1 4 6 11 15 16 23 27 28 32 38 47 49 53 70 72 82 87 88 95 96 97
2 4 6 8 19 20 24 25 26 32 38 45 57 58 65 66 82 88 89 92 98 99
1 3 7 11 12 21 22 28 35 36 39 48 49 52 62 64 83 84 85 90 96 97
1 5 9 10 11 14 22 27 31 37 40 43 47 56 64 75 83 84 87 93 94 95
4 5 6 7 10 21 22 25 28 30 46 47 55 57 60 61 83 86 87 89 92 96
3 4 6 9 12 14 22 24 27 34 42 49 51 58 61 71 83 86 95 97 98 99
1 3 6 10 18 19 25 26 27 30 39 42 43 52 72 73 83 88 91 94 96 99
2 3 8 9 10 21 22 25 33 37 39 41 54 58 59 63 84 85 86 89 94 99
1 2 7 10 16 20 25 28 29 31 38 40 41 52 68 77 84 85 87 88 91 92
2 5 7 8 12 14 22 24 29 36 40 44 50 57 63 69 84 86 90 92 93 98
2 4 7 9 11 13 22 23 31 35 38 45 51 55 59 69 85 87 89 93 97 98
1 4 8 10 12 13 22 26 29 33 38 42 46 53 62 75 85 92 93 95 96 99
2 3 6 7 15 17 23 24 28 30 39 41 50 51 66 74 86 88 89 90 91 97
1 2 6 13 14 21 22 30 32 34 41 44 45 52 53 56 87 90 92 94 97 99
3 5 6 8 11 13 22 23 26 32 43 48 50 54 60 71 89 90 94 95 96 98
1 2 3 4 5 6 7 8 9 10 11 12 13 14 15 16 17 18 19 20 21 100
1 2 3 4 5 22 23 24 25 26 27 28 29 30 31 32 33 34 35 36 37 100
1 6 7 8 9 22 23 24 25 38 39 40 41 42 43 44 45 46 47 48 49 100
2 6 10 11 12 22 26 27 28 38 39 40 50 51 52 53 54 55 56 57 58 100
3 7 10 13 14 22 29 30 31 41 42 43 50 51 52 59 60 61 62 63 64 100
2 8 13 15 16 23 29 32 33 38 41 44 50 53 54 59 65 66 67 68 69 100
4 6 13 17 18 23 26 30 34 42 45 46 51 53 55 60 65 66 70 71 72 100
5 6 14 15 19 24 27 30 32 43 44 47 50 56 57 61 65 70 71 73 74 100
1 11 13 19 20 26 31 32 35 38 43 45 48 52 56 62 67 68 70 72 75 100
3 8 12 17 19 24 26 33 36 39 42 48 50 58 62 63 66 67 71 73 76 100
5 9 12 13 21 22 33 34 35 44 46 48 54 55 56 61 63 64 69 71 75 100
1 12 14 16 18 27 29 34 36 40 42 44 49 52 53 64 67 70 73 75 77 100
4 9 10 16 19 25 27 31 33 38 42 47 55 58 59 61 65 72 75 76 77 100
4 8 11 14 21 22 32 36 37 45 47 49 53 57 58 59 60 62 69 71 75 100
3 9 11 15 18 23 27 35 37 39 43 49 51 54 59 64 67 71 72 74 76 100
3 6 16 20 21 25 28 32 34 41 48 49 52 54 58 60 61 66 72 73 74 100
4 7 12 15 20 24 28 29 35 38 46 49 51 57 61 62 66 69 70 76 77 100
2 7 18 19 21 25 30 35 36 39 44 45 52 55 57 59 63 66 68 74 77 100
2 9 14 17 20 24 31 34 37 40 41 45 51 56 58 63 65 67 69 74 77 100
5 8 10 18 20 25 26 29 37 40 43 46 54 57 60 63 65 68 73 75 76 100
1 10 15 17 21 28 30 33 37 39 41 46 47 53 56 62 64 68 72 73 77 100
5 7 11 16 17 23 28 31 36 40 47 48 50 55 60 64 68 69 70 74 76 100
78 79 80 81 82 83 84 85 86 87 88 89 90 91 92 93 94 95 96 97 98 99
