50 175
2 5 8 20 23 33 50
1 3 10 17 26 36 47
2 4 7 15 21 31 45
3 5 9 18 27 37 48
1 4 6 13 29 39 43
5 7 10 19 22 32 49
3 6 8 12 24 34 42
1 7 9 14 30 40 44
4 8 10 16 25 35 46
2 6 9 11 28 38 41
10 12 15 18 30 33 43
7 11 13 20 27 36 46
5 12 14 17 25 31 41
8 13 15 19 28 37 47
3 11 14 16 23 39 49
9 15 17 20 29 32 42
2 13 16 18 22 34 44
4 11 17 19 24 40 50
6 14 18 20 26 35 45
1 12 16 19 21 38 48
3 20 22 25 28 40 43
6 17 21 23 30 37 46
1 15 22 24 27 35 41
7 18 23 25 29 38 47
9 13 21 24 26 33 49
2 19 25 27 30 39 42
4 12 23 26 28 32 44
10 14 21 27 29 34 50
5 16 24 28 30 36 45
8 11 22 26 29 31 48
3 13 30 32 35 38 50
6 16 27 31 33 40 47
1 11 25 32 34 37 45
7 17 28 33 35 39 48
9 19 23 31 34 36 43
2 12 29 35 37 40 49
4 14 22 33 36 38 42
10 20 24 31 37 39 44
5 15 26 34 38 40 46
8 18 21 32 36 39 41
10 13 23 40 42 45 48
7 16 26 37 41 43 50
5 11 21 35 42 44 47
8 17 27 38 43 45 49
3 19 29 33 41 44 46
9 12 22 39 45 47 50
2 14 24 32 43 46 48
4 20 30 34 41 47 49
6 15 25 36 44 48 50
1 18 28 31 42 46 49
