100 350
52 55 58 70 73 83 100
51 53 60 67 76 86 97
52 54 57 65 71 81 95
53 55 59 68 77 87 98
51 54 56 63 79 89 93
55 57 60 69 72 82 99
53 56 58 62 74 84 92
51 57 59 64 80 90 94
54 58 60 66 75 85 96
52 56 59 61 78 88 91
60 62 65 68 80 83 93
57 61 63 70 77 86 96
55 62 64 67 75 81 91
58 63 65 69 78 87 97
53 61 64 66 73 89 99
59 65 67 70 79 82 92
52 63 66 68 72 84 94
54 61 67 69 74 90 100
56 64 68 70 76 85 95
51 62 66 69 71 88 98
53 70 72 75 78 90 93
56 67 71 73 80 87 96
51 65 72 74 77 85 91
57 68 73 75 79 88 97
59 63 71 74 76 83 99
52 69 75 77 80 89 92
54 62 73 76 78 82 94
60 64 71 77 79 84 100
55 66 74 78 80 86 95
58 61 72 76 79 81 98
53 63 80 82 85 88 100
56 66 77 81 83 90 97
51 61 75 82 84 87 95
57 67 78 83 85 89 98
59 69 73 81 84 86 93
52 62 79 85 87 90 99
54 64 72 83 86 88 92
60 70 74 81 87 89 94
55 65 76 84 88 90 96
58 68 71 82 86 89 91
60 63 73 90 92 95 98
57 66 76 87 91 93 100
55 61 71 85 92 94 97
58 67 77 88 93 95 99
53 69 79 83 91 94 96
59 62 72 89 95 97 100
52 64 74 82 93 96 98
54 70 80 84 91 97 99
56 65 75 86 94 98 100
51 68 78 81 92 96 99
2 5 8 20 23 33 50
1 3 10 17 26 36 47
2 4 7 15 21 31 45
3 5 9 18 27 37 48
1 4 6 13 29 39 43
5 7 10 19 22 32 49
3 6 8 12 24 34 42
1 7 9 14 30 40 44
4 8 10 16 25 35 46
2 6 9 11 28 38 41
10 12 15 18 30 33 43
7 11 13 20 27 36 46
5 12 14 17 25 31 41
8 13 15 19 28 37 47
3 11 14 16 23 39 49
9 15 17 20 29 32 42
2 13 16 18 22 34 44
4 11 17 19 24 40 50
6 14 18 20 26 35 45
1 12 16 19 21 38 48
3 20 22 25 28 40 43
6 17 21 23 30 37 46
1 15 22 24 27 35 41
7 18 23 25 29 38 47
9 13 21 24 26 33 49
2 19 25 27 30 39 42
4 12 23 26 28 32 44
10 14 21 27 29 34 50
5 16 24 28 30 36 45
8 11 22 26 29 31 48
3 13 30 32 35 38 50
6 16 27 31 33 40 47
1 11 25 32 34 37 45
7 17 28 33 35 39 48
9 19 23 31 34 36 43
2 12 29 35 37 40 49
4 14 22 33 36 38 42
10 20 24 31 37 39 44
5 15 26 34 38 40 46
8 18 21 32 36 39 41
10 13 23 40 42 45 48
7 16 26 37 41 43 50
5 11 21 35 42 44 47
8 17 27 38 43 45 49
3 19 29 33 41 44 46
9 12 22 39 45 47 50
2 14 24 32 43 46 48
4 20 30 34 41 47 49
6 15 25 36 44 48 50
1 18 28 31 42 46 49
