126 1260
2 3 4 5 6 7 8 9 10 11 22 23 24 25 26 57 58 59 60 61
1 3 4 5 6 7 12 13 14 15 22 27 28 29 30 57 62 63 64 65
1 2 4 5 6 8 12 16 17 18 23 27 31 32 33 58 62 66 67 68
1 2 3 5 6 9 13 16 19 20 24 28 31 34 35 59 63 66 69 70
1 2 3 4 6 10 14 17 19 21 25 29 32 34 36 60 64 67 69 71
1 2 3 4 5 11 15 18 20 21 26 30 33 35 36 61 65 68 70 71
1 2 8 9 10 11 12 13 14 15 22 37 38 39 40 57 72 73 74 75
1 3 7 9 10 11 12 16 17 18 23 37 41 42 43 58 72 76 77 78
1 4 7 8 10 11 13 16 19 20 24 38 41 44 45 59 73 76 79 80
1 5 7 8 9 11 14 17 19 21 25 39 42 44 46 60 74 77 79 81
1 6 7 8 9 10 15 18 20 21 26 40 43 45 46 61 75 78 80 81
2 3 7 8 13 14 15 16 17 18 27 37 47 48 49 62 72 82 83 84
2 4 7 9 12 14 15 16 19 20 28 38 47 50 51 63 73 82 85 86
2 5 7 10 12 13 15 17 19 21 29 39 48 50 52 64 74 83 85 87
2 6 7 11 12 13 14 18 20 21 30 40 49 51 52 65 75 84 86 87
3 4 8 9 12 13 17 18 19 20 31 41 47 53 54 66 76 82 88 89
3 5 8 10 12 14 16 18 19 21 32 42 48 53 55 67 77 83 88 90
3 6 8 11 12 15 16 17 20 21 33 43 49 54 55 68 78 84 89 90
4 5 9 10 13 14 16 17 20 21 34 44 50 53 56 69 79 85 88 91
4 6 9 11 13 15 16 18 19 21 35 45 51 54 56 70 80 86 89 91
5 6 10 11 14 15 17 18 19 20 36 46 52 55 56 71 81 87 90 91
1 2 7 23 24 25 26 27 28 29 30 37 38 39 40 57 92 93 94 95
1 3 8 22 24 25 26 27 31 32 33 37 41 42 43 58 92 96 97 98
1 4 9 22 23 25 26 28 31 34 35 38 41 44 45 59 93 96 99 100
1 5 10 22 23 24 26 29 32 34 36 39 42 44 46 60 94 97 99 101
1 6 11 22 23 24 25 30 33 35 36 40 43 45 46 61 95 98 100 101
2 3 12 22 23 28 29 30 31 32 33 37 47 48 49 62 92 102 103 104
2 4 13 22 24 27 29 30 31 34 35 38 47 50 51 63 93 102 105 106
2 5 14 22 25 27 28 30 32 34 36 39 48 50 52 64 94 103 105 107
2 6 15 22 26 27 28 29 33 35 36 40 49 51 52 65 95 104 106 107
3 4 16 23 24 27 28 32 33 34 35 41 47 53 54 66 96 102 108 109
3 5 17 23 25 27 29 31 33 34 36 42 48 53 55 67 97 103 108 110
3 6 18 23 26 27 30 31 32 35 36 43 49 54 55 68 98 104 109 110
4 5 19 24 25 28 29 31 32 35 36 44 50 53 56 69 99 105 108 111
4 6 20 24 26 28 30 31 33 34 36 45 51 54 56 70 100 106 109 111
5 6 21 25 26 29 30 32 33 34 35 46 52 55 56 71 101 107 110 111
7 8 12 22 23 27 38 39 40 41 42 43 47 48 49 72 92 112 113 114
7 9 13 22 24 28 37 39 40 41 44 45 47 50 51 73 93 112 115 116
7 10 14 22 25 29 37 38 40 42 44 46 48 50 52 74 94 113 115 117
7 11 15 22 26 30 37 38 39 43 45 46 49 51 52 75 95 114 116 117
8 9 16 23 24 31 37 38 42 43 44 45 47 53 54 76 96 112 118 119
8 10 17 23 25 32 37 39 41 43 44 46 48 53 55 77 97 113 118 120
8 11 18 23 26 33 37 40 41 42 45 46 49 54 55 78 98 114 119 120
9 10 19 24 25 34 38 39 41 42 45 46 50 53 56 79 99 115 118 121
9 11 20 24 26 35 38 40 41 43 44 46 51 54 56 80 100 116 119 121
10 11 21 25 26 36 39 40 42 43 44 45 52 55 56 81 101 117 120 121
12 13 16 27 28 31 37 38 41 48 49 50 51 53 54 82 102 112 122 123
12 14 17 27 29 32 37 39 42 47 49 50 52 53 55 83 103 113 122 124
12 15 18 27 30 33 37 40 43 47 48 51 52 54 55 84 104 114 123 124
13 14 19 28 29 34 38 39 44 47 48 51 52 53 56 85 105 115 122 125
13 15 20 28 30 35 38 40 45 47 49 50 52 54 56 86 106 116 123 125
14 15 21 29 30 36 39 40 46 48 49 50 51 55 56 87 107 117 124 125
16 17 19 31 32 34 41 42 44 47 48 50 54 55 56 88 108 118 122 126
16 18 20 31 33 35 41 43 45 47 49 51 53 55 56 89 109 119 123 126
17 18 21 32 33 36 42 43 46 48 49 52 53 54 56 90 110 120 124 126
19 20 21 34 35 36 44 45 46 50 51 52 53 54 55 91 111 121 125 126
1 2 7 22 58 59 60 61 62 63 64 65 72 73 74 75 92 93 94 95
1 3 8 23 57 59 60 61 62 66 67 68 72 76 77 78 92 96 97 98
1 4 9 24 57 58 60 61 63 66 69 70 73 76 79 80 93 96 99 100
1 5 10 25 57 58 59 61 64 67 69 71 74 77 79 81 94 97 99 101
1 6 11 26 57 58 59 60 65 68 70 71 75 78 80 81 95 98 100 101
2 3 12 27 57 58 63 64 65 66 67 68 72 82 83 84 92 102 103 104
2 4 13 28 57 59 62 64 65 66 69 70 73 82 85 86 93 102 105 106
2 5 14 29 57 60 62 63 65 67 69 71 74 83 85 87 94 103 105 107
2 6 15 30 57 61 62 63 64 68 70 71 75 84 86 87 95 104 106 107
3 4 16 31 58 59 62 63 67 68 69 70 76 82 88 89 96 102 108 109
3 5 17 32 58 60 62 64 66 68 69 71 77 83 88 90 97 103 108 110
3 6 18 33 58 61 62 65 66 67 70 71 78 84 89 90 98 104 109 110
4 5 19 34 59 60 63 64 66 67 70 71 79 85 88 91 99 105 108 111
4 6 20 35 59 61 63 65 66 68 69 71 80 86 89 91 100 106 109 111
5 6 21 36 60 61 64 65 67 68 69 70 81 87 90 91 101 107 110 111
7 8 12 37 57 58 62 73 74 75 76 77 78 82 83 84 92 112 113 114
7 9 13 38 57 59 63 72 74 75 76 79 80 82 85 86 93 112 115 116
7 10 14 39 57 60 64 72 73 75 77 79 81 83 85 87 94 113 115 117
7 11 15 40 57 61 65 72 73 74 78 80 81 84 86 87 95 114 116 117
8 9 16 41 58 59 66 72 73 77 78 79 80 82 88 89 96 112 118 119
8 10 17 42 58 60 67 72 74 76 78 79 81 83 88 90 97 113 118 120
8 11 18 43 58 61 68 72 75 76 77 80 81 84 89 90 98 114 119 120
9 10 19 44 59 60 69 73 74 76 77 80 81 85 88 91 99 115 118 121
9 11 20 45 59 61 70 73 75 76 78 79 81 86 89 91 100 116 119 121
10 11 21 46 60 61 71 74 75 77 78 79 80 87 90 91 101 117 120 121
12 13 16 47 62 63 66 72 73 76 83 84 85 86 88 89 102 112 122 123
12 14 17 48 62 64 67 72 74 77 82 84 85 87 88 90 103 113 122 124
12 15 18 49 62 65 68 72 75 78 82 83 86 87 89 90 104 114 123 124
13 14 19 50 63 64 69 73 74 79 82 83 86 87 88 91 105 115 122 125
13 15 20 51 63 65 70 73 75 80 82 84 85 87 89 91 106 116 123 125
14 15 21 52 64 65 71 74 75 81 83 84 85 86 90 91 107 117 124 125
16 17 19 53 66 67 69 76 77 79 82 83 85 89 90 91 108 118 122 126
16 18 20 54 66 68 70 76 78 80 82 84 86 88 90 91 109 119 123 126
17 18 21 55 67 68 71 77 78 81 83 84 87 88 89 91 110 120 124 126
19 20 21 56 69 70 71 79 80 81 85 86 87 88 89 90 111 121 125 126
22 23 27 37 57 58 62 72 93 94 95 96 97 98 102 103 104 112 113 114
22 24 28 38 57 59 63 73 92 94 95 96 99 100 102 105 106 112 115 116
22 25 29 39 57 60 64 74 92 93 95 97 99 101 103 105 107 113 115 117
22 26 30 40 57 61 65 75 92 93 94 98 100 101 104 106 107 114 116 117
23 24 31 41 58 59 66 76 92 93 97 98 99 100 102 108 109 112 118 119
23 25 32 42 58 60 67 77 92 94 96 98 99 101 103 108 110 113 118 120
23 26 33 43 58 61 68 78 92 95 96 97 100 101 104 109 110 114 119 120
24 25 34 44 59 60 69 79 93 94 96 97 100 101 105 108 111 115 118 121
24 26 35 45 59 61 70 80 93 95 96 98 99 101 106 109 111 116 119 121
25 26 36 46 60 61 71 81 94 95 97 98 99 100 107 110 111 117 120 121
27 28 31 47 62 63 66 82 92 93 96 103 104 105 106 108 109 112 122 123
27 29 32 48 62 64 67 83 92 94 97 102 104 105 107 108 110 113 122 124
27 30 33 49 62 65 68 84 92 95 98 102 103 106 107 109 110 114 123 124
28 29 34 50 63 64 69 85 93 94 99 102 103 106 107 108 111 115 122 125
28 30 35 51 63 65 70 86 93 95 100 102 104 105 107 109 111 116 123 125
29 30 36 52 64 65 71 87 94 95 101 103 104 105 106 110 111 117 124 125
31 32 34 53 66 67 69 88 96 97 99 102 103 105 109 110 111 118 122 126
31 33 35 54 66 68 70 89 96 98 100 102 104 106 108 110 111 119 123 126
32 33 36 55 67 68 71 90 97 98 101 103 104 107 108 109 111 120 124 126
34 35 36 56 69 70 71 91 99 100 101 105 106 107 108 109 110 121 125 126
37 38 41 47 72 73 76 82 92 93 96 102 113 114 115 116 118 119 122 123
37 39 42 48 72 74 77 83 92 94 97 103 112 114 115 117 118 120 122 124
37 40 43 49 72 75 78 84 92 95 98 104 112 113 116 117 119 120 123 124
38 39 44 50 73 74 79 85 93 94 99 105 112 113 116 117 118 121 122 125
38 40 45 51 73 75 80 86 93 95 100 106 112 114 115 117 119 121 123 125
39 40 46 52 74 75 81 87 94 95 101 107 113 114 115 116 120 121 124 125
41 42 44 53 76 77 79 88 96 97 99 108 112 113 115 119 120 121 122 126
41 43 45 54 76 78 80 89 96 98 100 109 112 114 116 118 120 121 123 126
42 43 46 55 77 78 81 90 97 98 101 110 113 114 117 118 119 121 124 126
44 45 46 56 79 80 81 91 99 100 101 111 115 116 117 118 119 120 125 126
47 48 50 53 82 83 85 88 102 103 105 108 112 113 115 118 123 124 125 126
47 49 51 54 82 84 86 89 102 104 106 109 112 114 116 119 122 124 125 126
48 49 52 55 83 84 87 90 103 104 107 110 113 114 117 120 122 123 125 126
50 51 52 56 85 86 87 91 105 106 107 111 115 116 117 121 122 123 124 126
53 54 55 56 88 89 90 91 108 109 110 111 118 119 120 121 122 123 124 125
