70 560
2 3 4 5 6 7 8 9 16 17 18 19 36 37 38 39
1 3 4 5 6 10 11 12 16 20 21 22 36 40 41 42
1 2 4 5 7 10 13 14 17 20 23 24 37 40 43 44
1 2 3 5 8 11 13 15 18 21 23 25 38 41 43 45
1 2 3 4 9 12 14 15 19 22 24 25 39 42 44 45
1 2 7 8 9 10 11 12 16 26 27 28 36 46 47 48
1 3 6 8 9 10 13 14 17 26 29 30 37 46 49 50
1 4 6 7 9 11 13 15 18 27 29 31 38 47 49 51
1 5 6 7 8 12 14 15 19 28 30 31 39 48 50 51
2 3 6 7 11 12 13 14 20 26 32 33 40 46 52 53
2 4 6 8 10 12 13 15 21 27 32 34 41 47 52 54
2 5 6 9 10 11 14 15 22 28 33 34 42 48 53 54
3 4 7 8 10 11 14 15 23 29 32 35 43 49 52 55
3 5 7 9 10 12 13 15 24 30 33 35 44 50 53 55
4 5 8 9 11 12 13 14 25 31 34 35 45 51 54 55
1 2 6 17 18 19 20 21 22 26 27 28 36 56 57 58
1 3 7 16 18 19 20 23 24 26 29 30 37 56 59 60
1 4 8 16 17 19 21 23 25 27 29 31 38 57 59 61
1 5 9 16 17 18 22 24 25 28 30 31 39 58 60 61
2 3 10 16 17 21 22 23 24 26 32 33 40 56 62 63
2 4 11 16 18 20 22 23 25 27 32 34 41 57 62 64
2 5 12 16 19 20 21 24 25 28 33 34 42 58 63 64
3 4 13 17 18 20 21 24 25 29 32 35 43 59 62 65
3 5 14 17 19 20 22 23 25 30 33 35 44 60 63 65
4 5 15 18 19 21 22 23 24 31 34 35 45 61 64 65
6 7 10 16 17 20 27 28 29 30 32 33 46 56 66 67
6 8 11 16 18 21 26 28 29 31 32 34 47 57 66 68
6 9 12 16 19 22 26 27 30 31 33 34 48 58 67 68
7 8 13 17 18 23 26 27 30 31 32 35 49 59 66 69
7 9 14 17 19 24 26 28 29 31 33 35 50 60 67 69
8 9 15 18 19 25 27 28 29 30 34 35 51 61 68 69
10 11 13 20 21 23 26 27 29 33 34 35 52 62 66 70
10 12 14 20 22 24 26 28 30 32 34 35 53 63 67 70
11 12 15 21 22 25 27 28 31 32 33 35 54 64 68 70
13 14 15 23 24 25 29 30 31 32 33 34 55 65 69 70
1 2 6 16 37 38 39 40 41 42 46 47 48 56 57 58
1 3 7 17 36 38 39 40 43 44 46 49 50 56 59 60
1 4 8 18 36 37 39 41 43 45 47 49 51 57 59 61
1 5 9 19 36 37 38 42 44 45 48 50 51 58 60 61
2 3 10 20 36 37 41 42 43 44 46 52 53 56 62 63
2 4 11 21 36 38 40 42 43 45 47 52 54 57 62 64
2 5 12 22 36 39 40 41 44 45 48 53 54 58 63 64
3 4 13 23 37 38 40 41 44 45 49 52 55 59 62 65
3 5 14 24 37 39 40 42 43 45 50 53 55 60 63 65
4 5 15 25 38 39 41 42 43 44 51 54 55 61 64 65
6 7 10 26 36 37 40 47 48 49 50 52 53 56 66 67
6 8 11 27 36 38 41 46 48 49 51 52 54 57 66 68
6 9 12 28 36 39 42 46 47 50 51 53 54 58 67 68
7 8 13 29 37 38 43 46 47 50 51 52 55 59 66 69
7 9 14 30 37 39 44 46 48 49 51 53 55 60 67 69
8 9 15 31 38 39 45 47 48 49 50 54 55 61 68 69
10 11 13 32 40 41 43 46 47 49 53 54 55 62 66 70
10 12 14 33 40 42 44 46 48 50 52 54 55 63 67 70
11 12 15 34 41 42 45 47 48 51 52 53 55 64 68 70
13 14 15 35 43 44 45 49 50 51 52 53 54 65 69 70
16 17 20 26 36 37 40 46 57 58 59 60 62 63 66 67
16 18 21 27 36 38 41 47 56 58 59 61 62 64 66 68
16 19 22 28 36 39 42 48 56 57 60 61 63 64 67 68
17 18 23 29 37 38 43 49 56 57 60 61 62 65 66 69
17 19 24 30 37 39 44 50 56 58 59 61 63 65 67 69
18 19 25 31 38 39 45 51 57 58 59 60 64 65 68 69
20 21 23 32 40 41 43 52 56 57 59 63 64 65 66 70
20 22 24 33 40 42 44 53 56 58 60 62 64 65 67 70
21 22 25 34 41 42 45 54 57 58 61 62 63 65 68 70
23 24 25 35 43 44 45 55 59 60 61 62 63 64 69 70
26 27 29 32 46 47 49 52 56 57 59 62 67 68 69 70
26 28 30 33 46 48 50 53 56 58 60 63 66 68 69 70
27 28 31 34 47 48 51 54 57 58 61 64 66 67 69 70
29 30 31 35 49 50 51 55 59 60 61 65 66 67 68 70
32 33 34 35 52 53 54 55 62 63 64 65 66 67 68 69
